1618295938.847209643		0.00		0.00		0.00		9.83		0.02		0.11		
1618295938.857209457		-0.00		0.00		0.00		9.82		-0.01		0.13		
1618295938.867214020		0.00		0.00		0.00		9.81		0.00		0.11		
1618295938.877209615		0.00		0.00		0.00		9.82		0.02		0.12		
1618295938.887209880		0.00		0.00		0.00		9.84		-0.03		0.15		
1618295938.897221165		0.00		0.00		0.00		9.79		0.00		0.12		
1618295938.907210509		-0.00		0.00		0.00		9.81		-0.03		0.16		
1618295938.917220682		0.15		-0.15		16.70		-8.54		48.57		20.00		
1618295938.927210056		-0.00		0.00		0.00		9.84		-0.04		0.18		
1618295938.937209018		0.00		0.00		0.00		9.81		0.03		0.11		
1618295938.947210565		0.00		0.00		0.00		9.81		0.01		0.10		
1618295938.957225788		0.00		0.00		0.00		9.81		-0.02		0.16		
1618295938.967199452		0.00		0.00		-0.00		9.82		-0.01		0.17		
1618295938.977219694		0.15		-0.15		16.55		-2.82		42.85		20.00		
1618295938.987201193		0.00		0.00		0.00		9.83		-0.01		0.13		
1618295938.997202500		0.00		0.00		0.00		9.82		-0.02		0.15		
1618295939.007216871		0.15		-0.29		16.41		-2.82		39.99		14.29		
1618295939.017208850		0.00		0.00		0.00		9.82		0.00		0.13		
1618295939.027221177		0.15		-0.44		16.99		-8.54		48.57		14.29		
1618295939.037217003		0.00		-0.29		15.97		8.61		28.58		20.00		
1618295939.047208711		-0.00		0.00		0.00		9.82		0.00		0.11		
1618295939.057235085		0.00		0.00		0.00		9.81		-0.04		0.16		
1618295939.067202307		-0.00		0.00		0.00		9.83		-0.01		0.13		
1618295939.077232328		0.00		0.00		0.00		9.80		0.00		0.15		
1618295939.087218916		0.00		0.00		0.00		9.81		0.00		0.13		
1618295939.097233938		0.00		0.00		0.00		9.84		-0.01		0.12		
1618295939.107223493		0.00		0.00		0.00		9.82		0.00		0.12		
1618295939.118289375		0.00		0.00		0.00		9.83		-0.01		0.13		
1618295939.127223731		0.00		0.00		0.00		9.82		-0.03		0.17		
1618295939.137200261		0.00		0.00		0.00		9.79		0.02		0.10		
1618295939.147194354		0.00		0.00		0.00		9.83		0.01		0.13		
1618295939.157223182		0.00		0.00		0.00		9.81		0.03		0.08		
1618295939.167222956		0.00		0.00		0.00		9.81		0.01		0.11		
1618295939.177203273		0.00		0.00		-0.00		9.83		-0.03		0.18		
1618295939.187201694		0.00		0.00		0.00		9.82		-0.01		0.16		
1618295939.197265728		0.00		-0.00		0.00		9.81		0.00		0.12		
1618295939.207197213		0.00		0.00		0.00		9.83		-0.01		0.15		
1618295939.217215342		0.00		-0.15		16.26		-2.82		39.99		20.00		
1618295939.227200498		0.00		-0.00		0.00		9.83		0.00		0.11		
1618295939.237202926		0.00		0.00		0.00		9.83		-0.04		0.16		
1618295939.247197941		0.00		-0.00		0.00		9.83		-0.01		0.13		
1618295939.257201421		0.00		0.00		0.00		9.82		-0.03		0.16		
1618295939.267199943		0.00		0.00		0.00		9.82		0.01		0.13		
1618295939.277207200		0.00		-0.00		0.00		9.82		-0.03		0.18		
1618295939.287224627		0.00		0.00		0.00		9.83		-0.02		0.15		
1618295939.297196668		0.00		0.00		0.00		9.81		-0.01		0.12		
1618295939.307231077		0.15		-0.15		16.55		2.89		31.43		14.29		
1618295939.317217435		0.00		0.00		0.00		9.80		0.01		0.12		
1618295939.327214283		0.00		0.00		0.00		9.82		-0.01		0.13		
1618295939.337202295		0.00		0.00		0.00		9.83		0.02		0.10		
1618295939.347217557		0.00		0.00		0.00		9.83		-0.06		0.17		
1618295939.357226568		0.00		0.00		0.00		9.81		-0.03		0.17		
1618295939.367276215		0.00		0.00		0.00		9.81		0.02		0.11		
1618295939.377204645		0.00		0.00		-0.00		9.83		-0.03		0.16		
1618295939.387201753		0.00		0.00		0.00		9.81		0.02		0.11		
1618295939.397255879		-0.00		-0.00		0.00		9.82		0.01		0.11		
1618295939.407205679		0.00		0.00		0.00		9.83		0.02		0.11		
1618295939.417218397		0.00		0.00		0.00		9.81		-0.06		0.18		
1618295939.427210957		0.00		0.00		0.00		9.81		0.00		0.11		
1618295939.437272165		0.00		-0.29		16.41		5.75		37.15		20.00		
1618295939.447204943		0.00		0.00		0.00		9.83		-0.01		0.17		
1618295939.457199106		0.00		0.00		0.00		9.83		-0.03		0.16		
1618295939.467207596		0.00		0.00		0.00		9.86		-0.06		0.18		
1618295939.477219402		0.00		0.00		0.00		9.79		-0.03		0.16		
1618295939.487225958		0.00		0.00		0.00		9.83		0.00		0.13		
1618295939.497202639		0.00		0.00		0.00		9.83		0.00		0.13		
1618295939.507232509		0.29		-0.15		15.97		5.75		34.29		14.29		
1618295939.517237381		0.00		-0.29		16.55		-5.68		48.57		20.00		
1618295939.527225734		0.00		-0.00		0.00		9.84		0.00		0.11		
1618295939.537196864		0.00		0.00		-0.00		9.81		-0.01		0.13		
1618295939.547242072		0.00		0.00		0.00		9.87		-0.03		0.16		
1618295939.557226908		0.00		0.00		0.00		9.82		-0.04		0.17		
1618295939.567211723		0.00		0.00		0.00		9.84		-0.04		0.19		
1618295939.577217949		0.00		0.00		0.00		9.81		-0.03		0.17		
1618295939.587260893		0.15		-0.29		16.70		-8.54		45.71		14.29		
1618295939.597195284		0.00		0.00		0.00		9.80		0.00		0.11		
1618295939.607231967		-0.00		0.00		0.00		9.80		0.04		0.09		
1618295939.617213166		0.00		0.00		0.00		9.84		-0.03		0.17		
1618295939.627245160		0.00		0.00		0.00		9.83		-0.02		0.15		
1618295939.637208144		0.00		0.00		0.00		9.83		-0.06		0.18		
1618295939.647216784		0.00		0.00		0.00		9.79		-0.01		0.15		
1618295939.657208543		0.00		0.00		0.00		9.82		0.02		0.09		
1618295939.667214869		0.00		-0.00		0.00		9.83		-0.03		0.16		
1618295939.677220273		0.00		0.00		0.00		9.81		0.00		0.13		
1618295939.687393101		0.00		0.00		0.00		9.83		-0.02		0.15		
1618295939.697233696		0.00		0.00		0.00		9.81		0.01		0.11		
1618295939.707236064		0.00		0.00		0.00		9.81		0.00		0.13		
1618295939.717220509		-0.00		-0.00		0.00		9.82		0.00		0.13		
1618295939.727212598		0.00		0.00		0.00		9.86		-0.04		0.16		
1618295939.737207813		0.00		0.00		16.26		-2.82		39.99		20.00		
1618295939.747260386		0.00		0.00		0.00		9.81		-0.01		0.12		
1618295939.757201449		0.00		0.00		-0.00		9.82		-0.03		0.17		
1618295939.767218756		0.00		-0.00		0.00		9.77		0.04		0.10		
1618295939.777219712		0.00		0.00		0.00		9.83		-0.02		0.13		
1618295939.787231478		0.00		0.00		0.00		9.81		-0.01		0.13		
1618295939.797236982		0.00		0.00		0.00		9.81		0.03		0.12		
1618295939.807222759		-0.15		-0.15		16.41		11.46		22.86		14.29		
1618295939.817214728		0.00		0.00		0.00		9.84		-0.01		0.11		
1618295939.827209522		0.00		0.00		0.00		9.82		-0.02		0.11		
1618295939.837223001		0.00		0.00		0.00		9.82		0.00		0.12		
1618295939.847236420		0.00		0.00		0.00		9.83		-0.04		0.18		
1618295939.857220575		0.00		0.00		0.00		9.83		-0.01		0.13		
1618295939.867224666		0.29		-0.15		16.55		0.03		34.29		14.29		
1618295939.877221594		0.00		0.00		0.00		9.84		-0.03		0.17		
1618295939.887233861		0.00		-0.15		16.26		2.89		40.01		14.29		
1618295939.897257911		0.00		0.00		0.00		9.82		0.01		0.11		
1618295939.907205516		-0.00		0.00		0.00		9.81		0.01		0.12		
1618295939.917218795		0.00		-0.00		0.00		9.84		-0.04		0.16		
1618295939.927225762		0.00		0.00		0.00		9.84		-0.04		0.18		
1618295939.937196030		0.29		-0.29		16.41		2.89		31.43		20.00		
1618295939.947199421		0.00		0.00		0.00		9.80		0.01		0.11		
1618295939.957254808		0.00		0.00		0.00		9.82		-0.02		0.13		
1618295939.967238552		0.00		0.00		-0.00		9.80		-0.01		0.16		
1618295939.977227365		0.00		0.00		0.00		9.83		0.00		0.11		
1618295939.987194568		0.00		-0.00		0.00		9.80		0.00		0.12		
1618295939.997235769		0.00		0.00		0.00		9.82		0.03		0.09		
1618295940.007197340		-0.00		0.00		0.00		9.82		-0.04		0.19		
1618295940.017205179		0.00		-0.00		0.00		9.80		0.02		0.12		
1618295940.027232124		0.00		0.00		0.00		9.83		-0.01		0.16		
1618295940.037218412		0.00		0.00		0.00		9.84		-0.04		0.16		
1618295940.047218366		0.00		0.00		0.00		9.80		0.02		0.11		
1618295940.057238638		0.00		0.00		0.00		9.82		-0.01		0.13		
1618295940.067230206		0.29		-0.15		16.11		5.75		28.58		14.29		
1618295940.077219179		0.00		0.00		0.00		9.83		0.01		0.10		
1618295940.087219824		0.00		0.00		0.00		9.82		-0.01		0.13		
1618295940.097220931		0.00		0.00		0.00		9.81		-0.02		0.15		
1618295940.107202851		-0.00		0.00		0.00		9.82		0.02		0.13		
1618295940.117235646		0.29		-0.15		16.70		-2.82		42.85		20.00		
1618295940.127218989		0.00		0.00		0.00		9.81		-0.01		0.13		
1618295940.137222199		0.00		0.00		0.00		9.81		0.01		0.11		
1618295940.147201684		0.00		-0.00		-0.00		9.82		0.02		0.10		
1618295940.157225342		0.00		0.00		0.00		9.81		-0.02		0.15		
1618295940.167218393		0.00		0.00		0.00		9.77		0.06		0.10		
1618295940.177216013		0.00		0.00		0.00		9.86		0.00		0.13		
1618295940.187205377		0.00		0.00		0.00		9.81		0.00		0.10		
1618295940.197262688		0.00		0.00		0.00		9.83		-0.01		0.13		
1618295940.207252363		0.00		0.00		0.00		9.83		-0.01		0.17		
1618295940.217212292		-0.00		-0.00		0.00		9.83		-0.04		0.18		
1618295940.227224078		0.00		0.00		0.00		9.82		0.01		0.11		
1618295940.237218712		-0.00		0.00		0.00		9.81		0.03		0.10		
1618295940.247218856		-0.00		0.00		0.00		9.82		0.02		0.11		
1618295940.257209553		0.00		0.00		0.00		9.80		0.00		0.12		
1618295940.267293253		0.00		0.00		0.00		9.81		0.00		0.12		
1618295940.277282046		-0.00		0.00		-0.00		9.81		0.00		0.15		
1618295940.287205366		0.00		0.00		0.00		9.81		-0.01		0.13		
1618295940.297195462		0.00		0.00		0.00		9.79		0.01		0.11		
1618295940.307189204		0.00		0.00		0.00		9.80		-0.02		0.12		
1618295940.317189118		0.00		0.00		0.00		9.83		-0.02		0.15		
1618295940.327201385		0.00		0.00		0.00		9.83		-0.03		0.16		
1618295940.337189967		0.00		0.00		0.00		9.82		-0.03		0.18		
1618295940.347205430		0.00		0.00		0.00		9.80		0.02		0.09		
1618295940.357216645		0.00		0.00		0.00		9.82		-0.01		0.13		
1618295940.367236186		0.00		0.00		0.00		9.82		-0.01		0.15		
1618295940.377236851		-0.00		0.00		0.00		9.80		-0.01		0.15		
1618295940.387222458		0.00		0.00		0.00		9.84		-0.03		0.15		
1618295940.397215328		0.00		0.00		0.00		9.83		0.01		0.11		
1618295940.407248344		0.00		0.00		-0.00		9.82		0.02		0.10		
1618295940.417201430		0.00		0.00		0.00		9.81		0.01		0.16		
1618295940.427230098		0.00		0.00		0.00		9.82		-0.01		0.15		
1618295940.437220133		0.15		0.00		16.26		2.89		31.43		20.00		
1618295940.447231899		0.00		0.00		15.82		11.46		22.86		14.29		
1618295940.457219209		0.00		0.00		0.00		9.80		0.04		0.10		
1618295940.467240012		0.00		0.00		0.00		9.83		-0.01		0.15		
1618295940.477197235		0.00		0.00		0.00		9.81		-0.02		0.15		
1618295940.487206527		0.00		-0.00		0.00		9.80		0.02		0.10		
1618295940.497208835		0.00		0.00		0.00		9.83		-0.03		0.18		
1618295940.507209300		0.00		0.00		0.00		9.83		-0.06		0.16		
1618295940.517208162		0.00		0.00		0.00		9.80		0.03		0.08		
1618295940.527227552		0.00		-0.29		16.11		0.03		40.01		14.29		
1618295940.537221104		0.00		-0.44		16.41		2.89		37.15		20.00		
1618295940.547217772		-0.00		0.00		0.00		9.80		0.02		0.09		
1618295940.557196516		0.00		0.00		0.00		9.81		-0.02		0.12		
1618295940.567233409		0.00		0.00		0.00		9.81		-0.01		0.13		
1618295940.577209789		0.00		0.00		0.00		9.80		0.03		0.11		
1618295940.587208661		0.00		-0.00		0.00		9.79		0.01		0.12		
1618295940.597242838		0.00		0.00		0.00		9.80		0.03		0.10		
1618295940.607218697		0.15		-0.15		16.55		-5.68		45.71		14.29		
1618295940.617233729		0.00		-0.15		16.85		-8.54		51.42		20.00		
1618295940.627196774		0.00		0.00		0.00		9.80		0.02		0.09		
1618295940.637211145		0.00		0.00		0.00		9.83		-0.04		0.16		
1618295940.647203765		0.00		0.00		0.00		9.84		-0.04		0.18		
1618295940.657216703		-0.00		0.00		0.00		9.81		0.02		0.09		
1618295940.667195938		0.00		0.00		0.00		9.81		0.01		0.12		
1618295940.677213315		0.00		0.00		0.00		9.82		-0.01		0.13		
1618295940.687204522		0.00		0.00		0.00		9.83		-0.04		0.17		
1618295940.697212320		-0.00		0.00		0.00		9.81		-0.03		0.16		
1618295940.707201564		-0.00		0.00		0.00		9.80		0.02		0.11		
1618295940.717209714		0.00		-0.15		16.55		0.03		34.29		20.00		
1618295940.727225387		0.15		-0.15		16.55		0.03		37.15		14.29		
1618295940.737222976		0.29		-0.29		16.41		-11.40		48.57		20.00		
1618295940.747205106		0.00		0.00		0.00		9.83		0.01		0.12		
1618295940.757241088		0.15		-0.29		16.55		0.03		31.43		20.00		
1618295940.767208531		0.00		0.00		0.00		9.81		-0.01		0.15		
1618295940.777218844		0.00		0.00		0.00		9.80		0.02		0.13		
1618295940.787203750		0.00		-0.00		0.00		9.84		-0.01		0.13		
1618295940.797204134		0.00		0.00		0.00		9.81		0.02		0.09		
1618295940.807205250		0.00		0.00		0.00		9.80		0.00		0.13		
1618295940.817250569		0.00		0.00		16.26		8.61		25.72		20.00		
1618295940.827225797		0.00		-0.00		0.00		9.82		-0.03		0.16		
1618295940.837224919		-0.00		0.00		0.00		9.84		-0.04		0.15		
1618295940.847210135		0.00		0.00		0.00		9.82		0.00		0.13		
1618295940.857208657		0.00		0.00		0.00		9.79		0.06		0.10		
1618295940.867237635		0.00		0.00		0.00		9.81		0.01		0.13		
1618295940.877205989		0.00		-0.00		0.00		9.82		0.00		0.11		
1618295940.887185294		-0.00		0.00		0.00		9.80		-0.01		0.15		
1618295940.897203111		0.00		0.00		0.00		9.81		0.00		0.15		
1618295940.907218775		0.29		0.29		16.26		-5.68		42.85		14.29		
1618295940.917205033		0.00		0.00		-0.00		9.81		0.02		0.11		
1618295940.927203825		0.00		-0.00		0.00		9.82		-0.02		0.15		
1618295940.937206283		0.00		0.00		0.00		9.80		0.03		0.09		
1618295940.947287720		0.00		0.00		0.00		9.82		-0.02		0.16		
1618295940.957214857		-0.00		0.00		0.00		9.81		-0.02		0.17		
1618295940.967234318		0.00		0.00		0.00		9.83		-0.01		0.15		
1618295940.977209525		-0.00		-0.00		0.00		9.83		-0.06		0.18		
1618295940.987203478		-0.00		0.00		0.00		9.82		0.01		0.09		
1618295940.997192932		0.00		0.00		0.00		9.84		-0.01		0.12		
1618295941.007243521		0.00		0.00		0.00		9.82		-0.02		0.17		
1618295941.017215111		0.00		0.00		0.00		9.81		0.01		0.13		
1618295941.027215135		0.00		-0.00		0.00		9.81		0.02		0.10		
1618295941.037229616		0.00		-0.00		0.00		9.82		0.00		0.09		
1618295941.047210925		0.00		0.00		0.00		9.86		-0.04		0.17		
1618295941.057220367		0.00		0.00		0.00		9.82		-0.03		0.20		
1618295941.067196767		0.00		0.00		0.00		9.81		0.01		0.11		
1618295941.077215806		0.00		-0.00		0.00		9.83		-0.02		0.15		
1618295941.087213055		0.00		0.00		0.00		9.82		0.02		0.11		
1618295941.097219040		0.00		0.00		0.00		9.80		0.04		0.09		
1618295941.107194427		-0.00		-0.00		0.00		9.80		0.01		0.11		
1618295941.117218787		-0.00		0.00		-0.00		9.82		0.00		0.13		
1618295941.127207260		-0.00		0.00		-0.00		9.82		0.01		0.10		
1618295941.137209537		0.00		0.00		0.00		9.82		-0.03		0.15		
1618295941.147224469		0.15		-0.15		16.11		0.03		48.58		14.29		
1618295941.157212861		0.00		-0.00		0.00		9.82		-0.02		0.15		
1618295941.167221782		0.00		0.00		0.00		9.83		0.01		0.10		
1618295941.177218220		-0.00		-0.00		0.00		9.83		0.00		0.12		
1618295941.187217071		0.00		0.00		0.00		9.82		0.00		0.13		
1618295941.197213989		0.00		-0.00		0.00		9.83		0.01		0.11		
1618295941.207201860		-0.00		-0.00		0.00		9.82		0.02		0.09		
1618295941.217226170		-0.00		0.00		0.00		9.84		-0.03		0.15		
1618295941.227211135		0.00		0.00		0.00		9.82		0.00		0.11		
1618295941.237224214		0.15		-0.29		16.55		-2.82		37.14		20.00		
1618295941.247219569		0.00		0.00		0.00		9.84		0.02		0.10		
1618295941.257229081		0.00		0.00		0.00		9.82		0.02		0.10		
1618295941.267194450		0.00		0.00		0.00		9.82		0.01		0.15		
1618295941.277223398		0.00		0.00		0.00		9.83		-0.01		0.13		
1618295941.287217871		0.00		0.00		0.00		9.83		-0.03		0.16		
1618295941.297242382		0.00		-0.15		16.41		0.03		40.01		20.00		
1618295941.307234150		-0.00		0.00		0.00		9.86		-0.06		0.19		
1618295941.317196463		0.00		0.00		0.00		9.83		-0.04		0.19		
1618295941.327200074		-0.00		0.00		0.00		9.82		0.01		0.11		
1618295941.337226627		0.00		0.00		0.00		9.81		-0.02		0.18		
1618295941.347237021		0.00		-0.00		0.00		9.80		0.03		0.11		
1618295941.357186731		-0.00		-0.00		0.00		9.81		-0.01		0.12		
1618295941.367213845		0.00		0.00		0.00		9.83		-0.04		0.15		
1618295941.377207086		-0.00		-0.00		0.00		9.83		-0.01		0.15		
1618295941.387206359		-0.00		0.00		0.00		9.82		-0.01		0.12		
1618295941.397215600		0.00		-0.15		16.41		2.89		34.29		20.00		
1618295941.407199123		0.00		0.00		0.00		9.83		0.00		0.12		
1618295941.417233852		-0.00		0.00		0.00		9.83		-0.04		0.16		
1618295941.427215963		0.00		-0.00		0.00		9.81		0.01		0.12		
1618295941.437225374		0.15		0.00		16.85		-8.54		42.85		20.00		
1618295941.447202765		0.00		-0.00		0.00		9.81		0.01		0.12		
1618295941.457212547		0.00		0.00		0.00		9.84		-0.06		0.17		
1618295941.467234292		-0.00		0.00		0.00		9.80		0.00		0.16		
1618295941.477244215		0.00		0.00		0.00		9.82		-0.02		0.13		
1618295941.487208442		0.00		0.00		0.00		9.81		0.01		0.10		
1618295941.497216060		0.00		-0.00		0.00		9.82		0.00		0.12		
1618295941.507238816		0.44		-0.29		16.99		-8.54		42.85		14.29		
1618295941.517214074		0.00		0.00		0.00		9.82		0.00		0.15		
1618295941.527208868		0.00		-0.00		0.00		9.82		0.00		0.11		
1618295941.537220273		0.00		0.00		0.00		9.86		-0.03		0.16		
1618295941.547230296		0.15		-0.44		16.55		-8.54		48.57		14.29		
1618295941.557204982		0.00		0.00		0.00		9.82		-0.04		0.18		
1618295941.567207170		0.00		0.00		0.00		9.82		0.01		0.12		
1618295941.577219397		-0.00		-0.00		0.00		9.79		0.02		0.11		
1618295941.587204222		-0.00		0.00		0.00		9.84		-0.01		0.11		
1618295941.597205659		0.00		-0.00		0.00		9.81		-0.03		0.16		
1618295941.607218758		-0.15		0.15		16.41		0.03		31.43		14.29		
1618295941.617252645		0.00		-0.00		0.00		9.84		-0.04		0.18		
1618295941.627212033		0.00		0.00		0.00		9.84		-0.03		0.17		
1618295941.637195776		0.00		0.00		0.00		9.80		-0.01		0.15		
1618295941.647189338		0.00		-0.00		0.00		9.83		-0.03		0.17		
1618295941.657222564		0.00		0.00		0.00		9.83		0.01		0.13		
1618295941.667205246		0.00		0.00		0.00		9.83		0.01		0.13		
1618295941.677209748		-0.00		-0.00		0.00		9.82		0.02		0.10		
1618295941.687205223		-0.00		0.00		0.00		9.81		0.02		0.12		
1618295941.697204115		0.00		-0.00		0.00		9.82		-0.02		0.15		
1618295941.707220259		0.29		-0.29		16.55		-2.82		42.85		14.29		
1618295941.717230883		-0.00		-0.00		0.00		9.81		0.04		0.09		
1618295941.727207614		0.00		-0.00		0.00		9.81		0.01		0.11		
1618295941.737215051		0.00		0.00		0.00		9.81		0.00		0.08		
1618295941.747217981		0.00		0.00		0.00		9.83		0.02		0.13		
1618295941.757207535		0.00		0.00		0.00		9.82		-0.01		0.15		
1618295941.767212658		0.00		-0.00		0.00		9.80		-0.01		0.13		
1618295941.777221960		0.00		0.00		0.00		9.80		0.02		0.10		
1618295941.787194843		0.00		0.00		0.00		9.83		-0.03		0.16		
1618295941.797222218		0.00		0.00		0.00		9.82		0.00		0.15		
1618295941.807200932		0.00		0.00		0.00		9.79		-0.02		0.17		
1618295941.817199393		0.00		-0.00		0.00		9.82		-0.02		0.15		
1618295941.827211209		-0.00		0.00		0.00		9.82		-0.02		0.15		
1618295941.837219258		0.00		-0.00		0.00		9.80		-0.02		0.16		
1618295941.847224452		0.29		0.00		16.26		5.75		31.43		14.29		
1618295941.857216861		0.00		0.00		0.00		9.84		-0.06		0.18		
1618295941.867214110		0.00		-0.00		0.00		9.83		-0.02		0.15		
1618295941.877201490		0.00		0.00		0.00		9.82		0.01		0.10		
1618295941.887210942		0.00		0.00		0.00		9.80		0.03		0.09		
1618295941.897209253		0.00		0.00		0.00		9.82		-0.01		0.15		
1618295941.907229835		0.15		-0.15		16.55		-2.82		39.99		14.29		
1618295941.917203740		0.00		0.00		0.00		9.83		-0.01		0.13		
1618295941.927217580		0.00		0.00		0.00		9.81		0.03		0.08		
1618295941.937205401		0.00		0.00		0.00		9.80		0.04		0.07		
1618295941.947213540		0.00		-0.00		0.00		9.84		-0.03		0.18		
1618295941.957206200		0.00		0.00		0.00		9.82		-0.01		0.12		
1618295941.967209581		0.00		-0.00		0.00		9.82		0.01		0.12		
1618295941.977207771		0.00		0.00		0.00		9.84		-0.06		0.17		
1618295941.987200401		0.00		0.00		0.00		9.84		-0.01		0.11		
1618295941.997215182		0.00		0.00		0.00		9.83		-0.03		0.16		
1618295942.007225906		-0.00		0.00		0.00		9.82		-0.02		0.15		
1618295942.017225991		0.15		0.00		16.26		-5.68		39.99		20.00		
1618295942.027227768		0.00		0.00		0.00		9.86		-0.03		0.16		
1618295942.037223955		0.00		0.00		0.00		9.80		0.00		0.16		
1618295942.047202268		0.00		0.00		0.00		9.79		0.01		0.10		
1618295942.057206790		0.00		0.00		0.00		9.82		0.01		0.10		
1618295942.067218205		0.00		-0.00		0.00		9.81		-0.01		0.17		
1618295942.077554029		0.00		0.00		0.00		9.80		0.02		0.11		
1618295942.087233251		-0.00		0.00		-0.00		9.81		0.02		0.11		
1618295942.097254064		0.00		-0.00		0.00		9.84		-0.01		0.13		
1618295942.107209364		0.00		0.00		0.00		9.83		-0.02		0.15		
1618295942.117223374		0.29		-0.29		16.11		2.89		34.29		20.00		
1618295942.127218098		-0.00		0.00		0.00		9.82		-0.04		0.17		
1618295942.137202903		0.00		0.00		0.00		9.86		-0.04		0.16		
1618295942.147202326		0.00		0.00		0.00		9.80		-0.02		0.16		
1618295942.157220034		0.00		0.00		0.00		9.80		0.00		0.13		
1618295942.167196663		0.00		-0.00		0.00		9.83		-0.03		0.16		
1618295942.177218398		0.00		-0.15		16.41		-2.82		37.14		20.00		
1618295942.187203143		0.00		0.00		0.00		9.83		0.00		0.11		
1618295942.197189973		0.00		0.00		0.00		9.79		0.03		0.11		
1618295942.207220664		0.00		0.00		0.00		9.82		0.00		0.16		
1618295942.217196142		0.00		-0.00		0.00		9.83		-0.01		0.15		
1618295942.227199462		0.15		-0.15		16.26		5.75		31.43		14.29		
1618295942.237223571		0.00		-0.00		0.00		9.81		0.03		0.11		
1618295942.247236489		0.00		-0.00		-0.00		9.81		0.02		0.12		
1618295942.257205755		0.00		-0.00		-0.00		9.82		-0.01		0.12		
1618295942.267199788		0.00		-0.00		-0.00		9.83		-0.03		0.16		
1618295942.277210241		0.00		0.00		0.00		9.80		0.02		0.10		
1618295942.287218671		0.00		0.00		0.00		9.84		-0.03		0.16		
1618295942.297198306		0.00		-0.00		0.00		9.82		-0.03		0.16		
1618295942.307223107		0.00		0.00		0.00		9.83		0.00		0.13		
1618295942.317224694		0.00		-0.00		0.00		9.83		0.01		0.12		
1618295942.327213967		0.00		0.00		0.00		9.79		0.01		0.12		
1618295942.337215013		0.00		0.00		0.00		9.82		0.01		0.12		
1618295942.347222511		0.00		0.00		-0.00		9.82		-0.01		0.18		
1618295942.357212266		0.00		-0.00		-0.00		9.82		-0.01		0.13		
1618295942.367212380		0.00		0.00		-0.00		9.78		0.02		0.09		
1618295942.377205190		0.00		0.00		0.00		9.83		0.00		0.13		
1618295942.387187361		0.00		-0.00		0.00		9.83		-0.03		0.17		
1618295942.397270781		0.00		0.00		0.00		9.83		-0.01		0.15		
1618295942.407250487		0.00		0.00		0.00		9.81		0.01		0.11		
1618295942.417211648		0.00		-0.00		0.00		9.82		0.00		0.10		
1618295942.427198788		0.00		0.00		0.00		9.82		0.01		0.11		
1618295942.437226273		0.00		-0.00		0.00		9.80		0.01		0.13		
1618295942.447199186		0.00		-0.00		0.00		9.82		0.01		0.11		
1618295942.457221391		0.00		0.00		0.00		9.83		-0.03		0.15		
1618295942.467222397		0.00		0.00		0.00		9.81		-0.02		0.16		
1618295942.477229144		0.15		-0.15		16.70		-2.82		39.99		20.00		
1618295942.487217736		0.00		-0.00		0.00		9.83		0.01		0.12		
1618295942.497216818		0.00		-0.00		0.00		9.82		0.00		0.11		
1618295942.507199540		0.00		0.00		0.00		9.80		0.03		0.08		
1618295942.517218449		0.00		0.00		0.00		9.83		0.00		0.13		
1618295942.527224645		0.00		0.00		0.00		9.80		0.01		0.12		
1618295942.537222063		-0.00		0.00		0.00		9.83		-0.02		0.11		
1618295942.547261311		0.15		0.15		16.26		0.03		31.43		14.29		
1618295942.557199910		0.00		-0.00		0.00		9.81		0.02		0.13		
1618295942.567201346		0.00		-0.00		0.00		9.81		0.01		0.12		
1618295942.577209305		0.00		0.00		0.00		9.82		-0.02		0.13		
1618295942.587242261		0.44		-0.15		16.41		5.75		34.29		14.29		
1618295942.597238968		-0.00		0.00		0.00		9.80		0.02		0.13		
1618295942.607213414		0.00		-0.15		16.41		0.03		34.29		14.29		
1618295942.617215782		0.00		-0.00		0.00		9.80		0.01		0.11		
1618295942.627217339		-0.00		0.00		0.00		9.82		0.03		0.10		
1618295942.637213857		0.00		-0.00		0.00		9.82		0.00		0.16		
1618295942.647213440		0.00		0.00		0.00		9.83		-0.01		0.12		
1618295942.657237278		0.00		-0.00		0.00		9.84		-0.02		0.16		
1618295942.667225861		0.00		0.00		0.00		9.82		-0.01		0.12		
1618295942.677217469		0.00		0.00		0.00		9.83		-0.02		0.18		
1618295942.687224887		0.00		-0.15		16.55		-8.54		51.42		14.29		
1618295942.697199363		0.00		-0.00		0.00		9.82		-0.03		0.15		
1618295942.707230365		0.00		-0.00		0.00		9.82		0.01		0.10		
1618295942.717208528		0.00		0.00		0.00		9.80		0.03		0.10		
1618295942.727201328		0.00		0.00		0.00		9.80		0.02		0.10		
1618295942.737197625		0.00		-0.00		0.00		9.82		0.00		0.12		
1618295942.747205664		0.00		0.00		0.00		9.84		-0.01		0.12		
1618295942.757212350		0.00		0.00		0.00		9.82		0.00		0.11		
1618295942.767213626		0.00		0.00		0.00		9.80		0.00		0.13		
1618295942.777226785		-0.15		-0.00		16.55		2.89		31.43		20.00		
1618295942.787221419		0.00		-0.00		0.00		9.81		0.01		0.13		
1618295942.797200744		0.00		0.00		0.00		9.82		0.01		0.10		
1618295942.807229551		0.29		0.15		16.11		0.03		37.15		14.29		
1618295942.817220318		-0.00		0.00		0.00		9.81		0.03		0.10		
1618295942.827235300		0.00		0.00		0.00		9.83		-0.04		0.17		
1618295942.837220877		0.00		0.00		0.00		9.82		0.00		0.15		
1618295942.847235739		0.00		-0.00		0.00		9.80		0.03		0.09		
1618295942.857231585		-0.00		-0.00		0.00		9.83		0.01		0.10		
1618295942.867204628		0.00		-0.00		0.00		9.83		-0.03		0.17		
1618295942.877253814		0.00		-0.00		0.00		9.82		-0.01		0.16		
1618295942.887226226		0.29		-0.29		16.26		-2.82		37.14		14.29		
1618295942.897210250		0.00		0.00		0.00		9.83		-0.02		0.13		
1618295942.907209192		0.00		-0.00		0.00		9.81		0.02		0.11		
1618295942.917224685		0.00		0.00		0.00		9.82		-0.04		0.18		
1618295942.927200263		-0.00		0.00		-0.00		9.79		0.03		0.10		
1618295942.937200557		-0.00		0.00		0.00		9.80		-0.02		0.16		
1618295942.947195351		0.00		0.00		0.00		9.83		-0.03		0.16		
1618295942.957208911		0.00		-0.00		0.00		9.81		-0.01		0.13		
1618295942.967236646		0.00		-0.00		0.00		9.83		-0.03		0.19		
1618295942.977196996		0.00		-0.00		0.00		9.82		-0.02		0.15		
1618295942.987209934		0.00		0.00		0.00		9.80		0.02		0.09		
1618295942.997240015		0.00		0.00		0.00		9.80		0.04		0.08		
1618295943.007191848		0.00		0.00		0.00		9.82		-0.02		0.18		
1618295943.017200879		0.00		-0.00		0.00		9.83		-0.01		0.15		
1618295943.027189201		0.00		-0.00		0.00		9.83		-0.04		0.13		
1618295943.037190707		0.00		0.00		0.00		9.80		-0.04		0.17		
1618295943.047189008		0.00		0.00		0.00		9.86		-0.02		0.17		
1618295943.057197408		0.00		0.00		0.00		9.79		0.02		0.10		
1618295943.067193003		0.00		-0.00		0.00		9.81		0.03		0.07		
1618295943.077193027		0.00		-0.00		0.00		9.82		-0.02		0.12		
1618295943.087193332		0.00		0.00		0.00		9.80		0.01		0.13		
1618295943.097195569		0.00		-0.00		0.00		9.83		-0.02		0.18		
1618295943.107219809		0.00		-0.00		0.00		9.83		-0.02		0.15		
1618295943.117282720		0.00		0.00		0.00		9.81		-0.03		0.16		
1618295943.127199448		-0.00		0.00		0.00		9.80		0.00		0.15		
1618295943.137239036		0.00		0.00		0.00		9.81		0.00		0.13		
1618295943.147213803		0.00		0.00		0.00		9.79		0.01		0.11		
1618295943.157208767		0.15		0.00		16.41		0.03		34.29		20.00		
1618295943.167232996		0.00		0.00		0.00		9.81		-0.01		0.13		
1618295943.177192595		0.00		-0.00		0.00		9.81		0.00		0.13		
1618295943.187237632		0.00		-0.00		0.00		9.82		-0.02		0.17		
1618295943.197210716		0.00		-0.15		16.99		-8.54		45.71		20.00		
1618295943.207202094		0.00		-0.00		0.00		9.80		0.00		0.13		
1618295943.217197479		0.00		0.00		0.00		9.82		-0.02		0.15		
1618295943.227210587		0.29		-0.15		16.55		5.75		31.43		14.29		
1618295943.237200542		0.00		0.00		0.00		9.82		-0.02		0.17		
1618295943.247218520		0.00		0.00		0.00		9.80		0.01		0.12		
1618295943.257236297		0.15		0.00		16.41		-2.82		34.28		20.00		
1618295943.267206094		0.00		0.00		0.00		9.81		0.02		0.11		
1618295943.277217779		0.00		0.00		0.00		9.81		0.04		0.10		
1618295943.287212764		0.00		-0.00		0.00		9.80		0.02		0.10		
1618295943.297210384		0.00		-0.00		0.00		9.80		0.02		0.10		
1618295943.307225315		0.15		0.00		16.55		-11.40		51.42		14.29		
1618295943.317225489		0.00		0.00		0.00		9.83		-0.03		0.16		
1618295943.327216356		0.00		0.00		0.00		9.83		0.00		0.12		
1618295943.337213505		0.00		0.00		0.00		9.82		-0.01		0.13		
1618295943.347215372		0.00		-0.00		0.00		9.80		0.02		0.11		
1618295943.357211348		0.00		-0.00		-0.00		9.81		-0.01		0.15		
1618295943.367212103		0.00		-0.00		0.00		9.80		0.03		0.09		
1618295943.377238306		0.00		-0.00		0.00		9.80		0.04		0.10		
1618295943.387204447		0.00		0.00		0.00		9.80		0.00		0.13		
1618295943.397200322		0.00		-0.00		0.00		9.81		0.01		0.11		
1618295943.407206137		0.00		-0.00		0.00		9.84		-0.01		0.16		
1618295943.417221330		-0.15		0.15		16.55		-2.82		37.14		20.00		
1618295943.427225140		0.00		0.00		0.00		9.83		-0.02		0.16		
1618295943.437254670		0.00		-0.00		-0.00		9.81		0.01		0.13		
1618295943.447204901		0.00		-0.00		0.00		9.83		-0.02		0.15		
1618295943.457201748		0.00		0.00		0.00		9.83		-0.01		0.12		
1618295943.467232149		0.00		0.15		16.26		11.46		28.58		14.29		
1618295943.477191697		0.00		-0.00		0.00		9.82		-0.03		0.17		
1618295943.487231455		0.00		0.00		16.41		0.03		34.29		14.29		
1618295943.497233994		0.00		-0.00		0.00		9.79		0.01		0.10		
1618295943.507217958		-0.00		-0.00		0.00		9.81		0.00		0.12		
1618295943.517205678		-0.00		0.00		0.00		9.80		0.02		0.10		
1618295943.527226762		-0.00		-0.00		0.00		9.81		0.00		0.12		
1618295943.537200106		0.00		0.00		0.00		9.83		-0.01		0.12		
1618295943.547212533		0.00		-0.00		0.00		9.77		0.04		0.09		
1618295943.557208960		0.00		0.00		-0.00		9.78		0.06		0.10		
1618295943.567230034		0.00		0.00		0.00		9.82		-0.01		0.16		
1618295943.577204038		-0.00		0.00		0.00		9.83		-0.06		0.17		
1618295943.587196699		-0.00		0.00		0.00		9.81		0.02		0.11		
1618295943.597197594		0.00		0.00		0.00		9.82		0.03		0.11		
1618295943.607201265		0.00		0.00		0.00		9.82		0.00		0.13		
1618295943.617204665		-0.00		0.00		0.00		9.82		-0.01		0.13		
1618295943.627195622		0.00		-0.00		0.00		9.80		0.02		0.10		
1618295943.637200965		0.00		0.00		0.00		9.81		0.02		0.13		
1618295943.647207261		-0.00		-0.00		0.00		9.80		-0.01		0.17		
1618295943.657220700		-0.15		0.15		16.41		2.89		28.58		20.00		
1618295943.667211416		-0.00		0.00		0.00		9.83		-0.04		0.16		
1618295943.677208906		0.00		-0.00		0.00		9.82		0.01		0.12		
1618295943.687208158		0.00		0.00		0.00		9.82		-0.01		0.17		
1618295943.697208392		-0.00		-0.00		0.00		9.81		0.02		0.15		
1618295943.707228825		0.00		-0.00		0.00		9.81		-0.04		0.16		
1618295943.717202529		0.00		0.00		0.00		9.84		-0.02		0.13		
1618295943.727216218		0.29		-0.15		16.41		2.89		37.15		14.29		
1618295943.737216082		0.00		0.00		0.00		9.83		-0.01		0.15		
1618295943.747213781		0.00		-0.00		0.00		9.81		0.03		0.09		
1618295943.757208575		0.00		0.00		0.00		9.83		-0.02		0.16		
1618295943.767208499		0.00		0.00		0.00		9.83		-0.01		0.12		
1618295943.777197803		-0.00		-0.00		0.00		9.82		0.01		0.13		
1618295943.787188028		0.00		0.00		0.00		9.81		-0.03		0.19		
1618295943.797197871		0.15		0.00		16.85		5.75		22.86		20.00		
1618295943.807189359		0.00		0.00		0.00		9.83		-0.01		0.13		
1618295943.817191987		0.00		-0.00		-0.00		9.82		-0.03		0.17		
1618295943.827163408		-0.00		-0.00		0.00		9.81		0.02		0.13		
1618295943.837233272		0.00		-0.00		0.00		9.81		0.00		0.13		
1618295943.847216415		0.00		0.00		0.00		9.82		-0.01		0.15		
1618295943.857225596		0.00		0.00		0.00		9.84		-0.06		0.17		
1618295943.867230108		0.00		0.00		0.00		9.80		0.00		0.15		
1618295943.877224421		0.00		-0.00		0.00		9.81		-0.03		0.20		
1618295943.887222551		-0.00		0.44		16.55		0.03		28.58		14.29		
1618295943.897212216		0.00		-0.00		0.00		9.81		0.00		0.09		
1618295943.907212029		-0.00		0.00		0.00		9.81		0.01		0.10		
1618295943.917282766		-0.00		0.00		0.00		9.81		0.01		0.16		
1618295943.927208471		0.00		-0.00		0.00		9.80		0.01		0.15		
1618295943.937196051		0.00		-0.00		0.00		9.83		-0.02		0.16		
1618295943.947225580		0.00		-0.00		0.00		9.80		-0.03		0.13		
1618295943.957244469		0.00		0.00		0.00		9.82		0.00		0.11		
1618295943.967205841		-0.00		0.00		0.00		9.80		-0.02		0.20		
1618295943.977209020		0.00		0.00		0.00		9.80		-0.04		0.19		
1618295943.987212240		0.00		-0.00		0.00		9.82		-0.03		0.15		
1618295943.997228795		0.00		-0.00		0.00		9.81		0.00		0.10		
1618295944.007214562		-0.00		-0.00		0.00		9.84		0.00		0.15		
1618295944.017215257		0.00		-0.00		0.00		9.78		0.03		0.12		
1618295944.027195093		0.00		-0.00		0.00		9.81		0.03		0.12		
1618295944.037193194		0.00		0.00		0.00		9.81		0.02		0.09		
1618295944.047197996		0.00		-0.00		0.00		9.79		0.02		0.11		
1618295944.057220573		0.00		0.00		0.00		9.79		0.02		0.15		
1618295944.067189417		0.00		-0.00		0.00		9.82		0.01		0.15		
1618295944.077201524		0.00		-0.00		0.00		9.82		-0.01		0.13		
1618295944.087204403		0.00		0.00		0.00		9.83		-0.01		0.12		
1618295944.097222952		0.00		-0.00		0.00		9.81		0.01		0.13		
1618295944.107214049		0.00		0.00		0.00		9.81		0.01		0.13		
1618295944.117214153		-0.00		-0.00		0.00		9.83		0.01		0.11		
1618295944.127221581		-0.00		0.00		0.00		9.82		-0.03		0.15		
1618295944.137212988		-0.00		0.00		0.00		9.81		0.04		0.10		
1618295944.147207121		-0.00		-0.00		0.00		9.79		0.02		0.13		
1618295944.157202266		0.00		0.00		0.00		9.81		0.02		0.11		
1618295944.167223209		-0.00		-0.00		0.00		9.83		-0.04		0.19		
1618295944.177225878		0.00		0.00		0.00		9.82		0.00		0.12		
1618295944.187247422		0.00		-0.15		16.11		8.61		28.58		14.29		
1618295944.197198424		-0.00		-0.00		0.00		9.83		-0.01		0.16		
1618295944.207200652		0.00		0.00		0.00		9.80		0.06		0.08		
1618295944.217215643		0.00		-0.00		0.00		9.81		-0.01		0.12		
1618295944.227215968		0.00		0.00		0.00		9.80		0.00		0.13		
1618295944.237203408		0.00		-0.00		0.00		9.81		0.00		0.12		
1618295944.247203382		-0.00		-0.00		0.00		9.81		-0.01		0.13		
1618295944.257229865		0.00		0.00		0.00		9.82		0.03		0.10		
1618295944.267196426		0.00		0.00		0.00		9.82		0.01		0.12		
1618295944.277208352		0.00		0.00		0.00		9.79		0.03		0.10		
1618295944.287209298		0.00		0.00		0.00		9.80		0.01		0.11		
1618295944.297206988		0.00		-0.00		0.00		9.82		-0.01		0.15		
1618295944.307220957		-0.00		0.00		0.00		9.80		0.04		0.10		
1618295944.317202807		0.00		-0.00		0.00		9.82		-0.01		0.13		
1618295944.327223930		0.00		0.00		0.00		9.82		-0.03		0.16		
1618295944.337218334		0.00		-0.00		0.00		9.83		-0.01		0.16		
1618295944.347220462		0.00		-0.00		-0.00		9.81		-0.01		0.16		
1618295944.357232528		0.00		0.00		0.00		9.80		0.04		0.10		
1618295944.367198538		-0.00		0.00		0.00		9.82		-0.01		0.15		
1618295944.377219672		-0.00		0.00		0.00		9.81		0.03		0.11		
1618295944.387199438		0.00		0.00		0.00		9.82		-0.02		0.18		
1618295944.397208919		0.00		-0.00		0.00		9.80		0.00		0.13		
1618295944.407207901		0.00		0.00		0.00		9.82		-0.04		0.17		
1618295944.417216150		0.00		-0.00		0.00		9.82		-0.01		0.16		
1618295944.427214381		0.00		0.00		0.00		9.78		0.01		0.12		
1618295944.437234272		0.00		-0.00		0.00		9.82		0.01		0.10		
1618295944.447208227		-0.00		0.00		0.00		9.81		0.00		0.12		
1618295944.457204413		0.00		0.00		0.00		9.82		0.00		0.12		
1618295944.467207643		0.00		-0.00		0.00		9.81		0.01		0.11		
1618295944.477206535		0.00		0.00		0.00		9.82		0.00		0.13		
1618295944.487203713		0.00		-0.00		0.00		9.83		-0.02		0.15		
1618295944.497204418		0.00		-0.00		0.00		9.81		0.01		0.15		
1618295944.507211515		-0.00		-0.00		0.00		9.80		0.01		0.13		
1618295944.517205498		0.00		0.00		0.00		9.82		0.01		0.12		
1618295944.527201474		0.00		0.00		0.00		9.82		0.01		0.12		
1618295944.537206447		0.00		-0.00		0.00		9.82		-0.02		0.16		
1618295944.547231899		0.00		-0.00		0.00		9.84		-0.04		0.20		
1618295944.557216384		0.00		0.00		0.00		9.81		0.02		0.11		
1618295944.567253116		0.29		0.15		16.26		-11.40		45.71		14.29		
1618295944.577243582		0.00		0.00		0.00		9.80		0.01		0.11		
1618295944.587211195		0.00		0.00		-0.00		9.82		0.00		0.16		
1618295944.597245092		0.15		0.29		16.41		-5.68		39.99		20.00		
1618295944.607224348		0.00		0.00		0.00		9.81		0.02		0.11		
1618295944.617202650		0.00		0.00		0.00		9.82		-0.02		0.15		
1618295944.627215468		-0.00		0.00		0.00		9.83		-0.02		0.16		
1618295944.637221203		0.00		-0.00		0.00		9.82		-0.06		0.18		
1618295944.647256743		0.00		0.00		15.97		0.03		31.43		14.29		
1618295944.657195783		0.00		0.00		0.00		9.81		0.02		0.15		
1618295944.667216064		0.00		-0.00		0.00		9.82		0.02		0.11		
1618295944.677197523		0.00		-0.00		0.00		9.84		-0.02		0.15		
1618295944.687234366		0.00		-0.00		0.00		9.83		-0.02		0.17		
1618295944.697212018		0.00		0.00		0.00		9.80		0.01		0.11		
1618295944.707257647		0.00		-0.00		0.00		9.79		0.04		0.10		
1618295944.717198290		0.00		-0.00		0.00		9.81		0.01		0.11		
1618295944.727224503		0.00		0.00		0.00		9.81		-0.01		0.13		
1618295944.737208066		0.00		-0.00		0.00		9.83		-0.03		0.18		
1618295944.747206677		0.00		-0.00		0.00		9.82		-0.01		0.15		
1618295944.757213283		0.00		0.00		0.00		9.80		0.02		0.10		
1618295944.767205252		-0.00		-0.00		0.00		9.81		0.03		0.08		
1618295944.777206267		0.00		0.00		0.00		9.82		-0.02		0.15		
1618295944.787200711		0.00		-0.00		0.00		9.81		0.00		0.11		
1618295944.797198871		0.00		0.00		0.00		9.81		0.01		0.12		
1618295944.807216067		0.00		0.00		0.00		9.81		-0.01		0.15		
1618295944.817228675		0.00		-0.00		0.00		9.83		-0.03		0.16		
1618295944.827213299		0.00		0.00		-0.00		9.79		-0.01		0.16		
1618295944.837207733		0.00		-0.00		0.00		9.81		0.00		0.12		
1618295944.847207586		0.00		0.00		0.00		9.80		0.02		0.11		
1618295944.857224011		0.00		-0.00		0.00		9.80		0.00		0.13		
1618295944.867198587		-0.00		-0.00		0.00		9.81		0.01		0.11		
1618295944.877246851		0.00		0.00		0.00		9.83		-0.01		0.15		
1618295944.887214114		0.00		-0.00		0.00		9.82		-0.02		0.15		
1618295944.897238583		-0.00		0.00		0.00		9.83		-0.02		0.16		
1618295944.907194515		0.00		-0.00		0.00		9.81		0.02		0.15		
1618295944.917205068		0.00		-0.00		0.00		9.81		-0.02		0.15		
1618295944.927226492		0.00		0.00		16.55		-2.82		37.14		14.29		
1618295944.937210336		-0.00		-0.00		0.00		9.83		-0.01		0.15		
1618295944.947202916		0.00		0.00		0.00		9.79		0.00		0.15		
1618295944.957205604		0.00		-0.00		0.00		9.82		0.01		0.11		
1618295944.967206680		0.00		-0.00		0.00		9.79		0.04		0.09		
1618295944.977215110		0.00		0.00		0.00		9.82		0.01		0.11		
1618295944.987213100		0.00		-0.00		0.00		9.81		0.02		0.13		
1618295944.997211651		0.00		-0.00		0.00		9.82		-0.01		0.13		
1618295945.007202056		0.00		-0.00		0.00		9.78		0.04		0.10		
1618295945.017217639		0.00		-0.00		0.00		9.82		0.00		0.12		
1618295945.027230447		0.00		0.00		0.00		9.81		0.02		0.11		
1618295945.037228387		0.00		-0.00		0.00		9.80		0.02		0.13		
1618295945.047218853		0.00		0.29		16.41		5.75		22.86		14.29		
1618295945.057203017		0.00		-0.00		0.00		9.82		-0.01		0.13		
1618295945.067205014		0.00		0.00		-0.00		9.81		-0.02		0.18		
1618295945.077234363		0.00		0.15		16.26		-5.68		42.85		20.00		
1618295945.087204771		-0.00		-0.00		0.00		9.82		0.01		0.13		
1618295945.097197612		0.00		-0.00		0.00		9.78		0.01		0.13		
1618295945.107215960		0.00		-0.00		0.00		9.82		-0.01		0.16		
1618295945.117219340		0.00		-0.00		0.00		9.81		-0.01		0.17		
1618295945.127213964		0.00		0.00		0.00		9.83		-0.04		0.15		
1618295945.137236420		0.00		0.00		0.00		9.79		0.01		0.13		
1618295945.147213090		-0.00		-0.00		0.00		9.79		0.06		0.09		
1618295945.157211751		-0.00		-0.00		0.00		9.83		-0.03		0.17		
1618295945.167200093		-0.00		-0.00		0.00		9.82		-0.02		0.16		
1618295945.177195167		0.00		0.00		0.00		9.81		0.00		0.13		
1618295945.187213074		0.00		-0.00		0.00		9.81		0.00		0.15		
1618295945.197211275		-0.00		0.00		0.00		9.81		0.03		0.11		
1618295945.207239201		0.00		-0.00		0.00		9.79		0.03		0.11		
1618295945.217200111		0.00		-0.00		0.00		9.79		0.06		0.08		
1618295945.227208902		0.00		-0.00		0.00		9.82		0.01		0.13		
1618295945.237231187		0.00		-0.00		0.00		9.81		0.01		0.12		
1618295945.247216914		0.00		0.00		0.00		9.84		-0.02		0.15		
1618295945.257219393		0.00		-0.00		0.00		9.83		-0.02		0.16		
1618295945.267220088		0.00		0.00		0.00		9.81		0.00		0.15		
1618295945.277217937		0.00		-0.00		0.00		9.79		0.02		0.15		
1618295945.287221097		0.00		-0.00		0.00		9.81		0.01		0.12		
1618295945.297213907		0.00		-0.00		0.00		9.81		0.02		0.12		
1618295945.307237676		0.00		-0.00		0.00		9.82		-0.04		0.17		
1618295945.317218303		0.00		-0.00		0.00		9.81		-0.03		0.18		
1618295945.327229317		0.00		-0.00		-0.00		9.84		0.03		0.12		
1618295945.337204254		0.00		-0.00		0.00		9.80		-0.01		0.12		
1618295945.347218705		0.00		0.00		0.00		9.79		0.02		0.11		
1618295945.357224690		0.00		-0.00		0.00		9.83		-0.02		0.17		
1618295945.367219324		0.00		0.00		0.00		9.81		-0.03		0.18		
1618295945.377230679		0.00		0.44		16.26		-5.68		42.85		20.00		
1618295945.387226104		0.00		-0.00		0.00		9.80		0.04		0.09		
1618295945.397209126		0.00		0.00		-0.00		9.82		0.03		0.10		
1618295945.407234527		0.15		0.15		16.11		8.61		22.86		14.29		
1618295945.417201569		0.00		0.00		0.00		9.79		0.03		0.12		
1618295945.427221981		0.00		-0.00		0.00		9.80		0.03		0.11		
1618295945.437206035		0.00		0.00		0.00		9.80		0.01		0.12		
1618295945.447212381		0.00		0.00		0.00		9.80		0.01		0.11		
1618295945.457219448		0.00		-0.00		0.00		9.81		-0.03		0.16		
1618295945.467253485		0.00		-0.00		0.00		9.80		0.02		0.12		
1618295945.477196552		0.00		0.00		0.00		9.81		0.00		0.13		
1618295945.487202808		0.00		0.15		16.99		-17.11		45.71		14.29		
1618295945.497200357		0.15		0.15		16.41		-2.82		45.71		20.00		
1618295945.507194550		0.00		-0.00		0.00		9.82		0.00		0.16		
1618295945.517203059		-0.15		0.29		16.99		-8.54		42.85		20.00		
1618295945.527207632		0.00		0.00		0.00		9.81		0.01		0.13		
1618295945.537206443		-0.00		0.00		-0.00		9.80		-0.01		0.15		
1618295945.547205786		0.00		0.00		0.00		9.82		0.04		0.10		
1618295945.557198856		0.00		-0.00		0.00		9.80		0.01		0.12		
1618295945.567232082		0.00		0.00		0.00		9.80		0.03		0.10		
1618295945.577217599		0.29		-0.15		16.41		5.75		22.86		20.00		
1618295945.587226009		0.00		-0.00		0.00		9.82		0.03		0.11		
1618295945.597215142		0.00		0.00		0.00		9.82		-0.01		0.18		
1618295945.607220065		-0.00		-0.00		0.00		9.80		0.00		0.11		
1618295945.617227473		0.00		0.00		0.00		9.83		-0.04		0.20		
1618295945.627210454		0.00		-0.00		0.00		9.82		-0.01		0.16		
1618295945.637205759		0.00		0.00		0.00		9.79		0.02		0.11		
1618295945.647325257		0.00		0.29		16.41		-8.54		39.99		14.29		
1618295945.657220795		0.00		-0.00		0.00		9.82		-0.01		0.12		
1618295945.667235947		0.00		0.00		0.00		9.82		-0.03		0.18		
1618295945.677219450		-0.00		-0.00		0.00		9.82		-0.01		0.13		
1618295945.687221738		0.00		0.00		0.00		9.80		0.03		0.11		
1618295945.697210641		0.00		0.00		0.00		9.82		-0.02		0.15		
1618295945.707231674		0.00		0.00		16.26		-2.82		39.99		14.29		
1618295945.717202724		0.00		0.00		0.00		9.80		0.03		0.13		
1618295945.727226482		-0.00		-0.00		0.00		9.80		0.03		0.10		
1618295945.737210626		-0.00		-0.00		0.00		9.81		0.01		0.11		
1618295945.747222943		0.00		-0.00		-0.00		9.81		-0.01		0.16		
1618295945.757216885		0.00		0.00		16.41		5.75		28.58		20.00		
1618295945.767216318		0.00		0.00		0.00		9.82		0.00		0.13		
1618295945.777214017		0.00		-0.00		0.00		9.78		0.03		0.10		
1618295945.787226524		0.00		0.00		0.00		9.80		0.03		0.13		
1618295945.797230275		0.00		0.00		-0.00		9.81		-0.01		0.17		
1618295945.807204270		0.15		0.29		16.55		-5.68		39.99		14.29		
1618295945.817246754		0.00		0.00		0.00		9.81		0.00		0.11		
1618295945.827206512		0.00		0.00		0.00		9.82		-0.02		0.18		
1618295945.837198050		0.00		0.00		0.00		9.82		-0.03		0.18		
1618295945.847210306		0.00		-0.00		0.00		9.80		-0.01		0.13		
1618295945.857214698		0.00		0.00		0.00		9.84		-0.02		0.15		
1618295945.867234990		0.00		0.15		16.70		-8.54		48.57		14.29		
1618295945.877229383		-0.15		0.29		16.70		-2.82		39.99		20.00		
1618295945.887261828		0.00		0.29		16.70		-5.68		37.14		14.29		
1618295945.897202480		0.00		-0.00		0.00		9.80		0.02		0.12		
1618295945.907209507		0.00		-0.00		0.00		9.82		0.02		0.12		
1618295945.917247482		0.00		0.00		0.00		9.81		0.04		0.10		
1618295945.927205137		0.00		-0.00		0.00		9.81		-0.01		0.16		
1618295945.937225629		-0.15		0.44		16.26		0.03		34.29		20.00		
1618295945.947202279		0.00		-0.00		0.00		9.82		-0.02		0.17		
1618295945.957219785		0.00		0.00		0.00		9.82		-0.02		0.18		
1618295945.967195744		0.00		-0.00		0.00		9.83		0.01		0.11		
1618295945.977203182		0.00		-0.00		0.00		9.84		-0.03		0.17		
1618295945.987231959		-0.00		0.00		0.00		9.79		0.02		0.12		
1618295945.997209010		-0.00		-0.00		0.00		9.81		-0.01		0.16		
1618295946.007217510		0.00		-0.00		0.00		9.83		-0.03		0.18		
1618295946.017215279		0.00		-0.00		0.00		9.82		0.02		0.11		
1618295946.027218389		0.00		-0.00		0.00		9.80		0.01		0.13		
1618295946.037218643		-0.00		0.00		0.00		9.81		-0.02		0.17		
1618295946.047199460		0.00		-0.00		0.00		9.82		0.00		0.16		
1618295946.057193694		0.00		-0.00		0.00		9.80		0.00		0.11		
1618295946.067207924		0.00		0.00		0.00		9.81		0.02		0.11		
1618295946.077216284		0.00		-0.00		0.00		9.82		-0.02		0.16		
1618295946.087208793		-0.00		-0.00		0.00		9.83		-0.03		0.17		
1618295946.097200040		0.00		-0.00		-0.00		9.79		0.04		0.10		
1618295946.107197229		0.00		-0.00		0.00		9.80		0.01		0.13		
1618295946.117210156		0.00		-0.00		0.00		9.78		0.04		0.08		
1618295946.127213977		0.00		-0.00		0.00		9.78		0.01		0.11		
1618295946.137201037		0.00		0.00		-0.00		9.81		0.03		0.10		
1618295946.147216289		0.15		0.15		16.41		-5.68		39.99		14.29		
1618295946.157204200		0.00		0.00		0.00		9.82		-0.01		0.15		
1618295946.167202461		0.00		-0.00		0.00		9.82		-0.03		0.19		
1618295946.177231840		-0.00		-0.00		0.00		9.79		0.01		0.12		
1618295946.187210273		0.00		-0.15		16.85		2.89		31.43		14.29		
1618295946.197195880		0.00		-0.00		0.00		9.79		0.02		0.11		
1618295946.208467076		0.00		0.00		-0.00		9.83		0.00		0.13		
1618295946.217209212		0.00		-0.00		0.00		9.82		0.03		0.10		
1618295946.227209296		0.00		0.00		0.00		9.82		0.02		0.11		
1618295946.237208538		-0.00		0.00		0.00		9.80		0.01		0.12		
1618295946.247206518		0.00		-0.00		0.00		9.83		0.00		0.16		
1618295946.257215208		-0.00		0.00		0.00		9.78		0.01		0.12		
1618295946.267230851		0.00		-0.00		0.00		9.82		0.00		0.16		
1618295946.277204095		0.00		0.00		0.00		9.83		-0.02		0.18		
1618295946.287204299		0.00		-0.00		0.00		9.78		0.03		0.10		
1618295946.297205394		0.00		-0.00		0.00		9.81		-0.01		0.17		
1618295946.307200168		0.00		0.00		0.00		9.81		0.01		0.13		
1618295946.317214278		-0.00		-0.00		0.00		9.80		0.02		0.10		
1618295946.327201348		0.00		0.00		0.00		9.82		-0.02		0.18		
1618295946.337210889		0.00		0.00		0.00		9.81		0.00		0.13		
1618295946.347233816		-0.00		-0.00		0.00		9.83		-0.04		0.17		
1618295946.357201930		0.00		0.00		0.00		9.80		-0.01		0.16		
1618295946.367197866		-0.00		-0.00		0.00		9.80		-0.01		0.16		
1618295946.377209672		0.00		0.00		0.00		9.80		0.00		0.15		
1618295946.387199637		-0.00		-0.00		-0.00		9.81		0.02		0.13		
1618295946.397213697		0.00		-0.00		-0.00		9.81		0.04		0.09		
1618295946.407225042		0.00		0.00		0.00		9.82		-0.02		0.16		
1618295946.417200470		0.00		-0.00		0.00		9.79		0.01		0.12		
1618295946.427192759		0.00		-0.00		0.00		9.81		-0.02		0.16		
1618295946.437234711		0.00		0.15		15.97		5.75		25.72		20.00		
1618295946.447217663		0.15		0.15		16.26		-5.68		45.71		14.29		
1618295946.457194694		0.00		-0.00		0.00		9.81		0.00		0.13		
1618295946.467193214		0.00		-0.00		-0.00		9.81		-0.02		0.17		
1618295946.477225669		-0.00		-0.00		-0.00		9.82		0.00		0.16		
1618295946.487224841		0.00		0.00		0.00		9.80		0.01		0.11		
1618295946.497193276		0.00		0.00		-0.00		9.80		0.00		0.12		
1618295946.507241289		0.00		0.00		-0.00		9.86		-0.04		0.18		
1618295946.517213341		0.00		-0.00		0.00		9.79		0.00		0.13		
1618295946.527195441		0.00		-0.00		0.00		9.82		-0.03		0.17		
1618295946.537224008		-0.00		0.00		0.00		9.81		0.01		0.13		
1618295946.547201920		0.00		-0.00		0.00		9.82		-0.02		0.16		
1618295946.557225699		0.00		0.00		0.00		9.80		0.01		0.12		
1618295946.567198121		-0.00		-0.00		0.00		9.83		-0.04		0.19		
1618295946.577222009		0.00		0.00		0.00		9.82		-0.02		0.17		
1618295946.587231160		0.00		0.00		0.00		9.81		-0.03		0.16		
1618295946.597231184		0.00		-0.00		0.00		9.81		-0.03		0.17		
1618295946.607215598		0.00		0.00		0.00		9.83		-0.01		0.16		
1618295946.617218438		0.15		0.15		16.41		-8.54		39.99		20.00		
1618295946.627244440		-0.15		0.29		16.70		-8.54		48.57		14.29		
1618295946.637221561		0.00		0.00		0.00		9.82		0.00		0.15		
1618295946.647194814		0.00		-0.00		0.00		9.81		-0.01		0.13		
1618295946.657225486		0.00		0.00		-0.00		9.80		0.01		0.12		
1618295946.667229858		0.00		-0.00		0.00		9.79		0.00		0.13		
1618295946.677210315		0.00		0.00		0.00		9.80		0.01		0.12		
1618295946.687236677		0.00		-0.00		0.00		9.79		0.01		0.15		
1618295946.697197949		0.00		-0.00		0.00		9.82		0.00		0.13		
1618295946.707243999		0.00		0.00		0.00		9.79		0.02		0.12		
1618295946.717236258		0.15		0.29		16.41		-2.82		37.14		20.00		
1618295946.727240059		-0.00		0.44		16.26		5.75		28.58		14.29		
1618295946.737244040		0.00		-0.00		-0.00		9.82		-0.03		0.16		
1618295946.747227803		0.00		-0.00		-0.00		9.80		0.02		0.10		
1618295946.757214632		0.00		0.00		0.00		9.80		-0.01		0.15		
1618295946.767228402		0.00		-0.00		0.00		9.82		0.00		0.16		
1618295946.777208768		0.00		-0.00		0.00		9.84		-0.03		0.18		
1618295946.787240341		0.00		-0.00		0.00		9.79		0.06		0.09		
1618295946.797222892		0.00		-0.00		0.00		9.81		-0.01		0.15		
1618295946.807202608		0.00		0.00		0.00		9.83		0.03		0.10		
1618295946.817251333		0.00		-0.00		0.00		9.82		-0.01		0.17		
1618295946.827201804		0.00		0.00		0.00		9.81		0.00		0.13		
1618295946.837230121		0.15		0.29		16.26		2.89		31.43		20.00		
1618295946.847204296		0.00		-0.00		0.00		9.83		-0.01		0.16		
1618295946.857198359		-0.00		0.00		0.00		9.82		0.01		0.12		
1618295946.867253646		0.00		-0.00		0.00		9.80		0.03		0.10		
1618295946.877227922		0.00		0.15		16.26		2.89		37.15		20.00		
1618295946.887220170		-0.15		0.44		16.26		5.75		25.72		14.29		
1618295946.897222349		-0.00		0.00		0.00		9.82		-0.01		0.16		
1618295946.907219336		0.00		0.00		0.00		9.81		0.00		0.11		
1618295946.917216004		0.00		-0.00		0.00		9.82		0.00		0.15		
1618295946.927242417		0.00		0.00		0.00		9.82		-0.03		0.17		
1618295946.937220389		0.00		0.00		16.41		5.75		22.86		20.00		
1618295946.947209072		0.00		0.00		-0.00		9.80		0.03		0.11		
1618295946.957220417		0.15		0.15		16.41		2.89		34.29		20.00		
1618295946.967210472		0.00		-0.00		0.00		9.81		0.01		0.15		
1618295946.977221727		0.00		0.00		-0.00		9.80		0.01		0.12		
1618295946.987227682		0.00		-0.00		0.00		9.82		-0.03		0.17		
1618295946.997209331		0.00		0.00		0.00		9.81		0.01		0.12		
1618295947.007216979		0.00		-0.00		0.00		9.80		0.03		0.11		
1618295947.017227062		0.00		0.00		-0.00		9.80		0.03		0.13		
1618295947.027210785		0.00		0.00		0.00		9.81		-0.02		0.16		
1618295947.037212532		0.00		-0.00		0.00		9.82		-0.04		0.18		
1618295947.047221683		0.00		0.29		16.11		0.03		37.15		14.29		
1618295947.057211558		0.00		-0.00		0.00		9.79		0.01		0.12		
1618295947.067205359		0.00		-0.00		0.00		9.83		-0.02		0.17		
1618295947.077209340		0.00		0.00		-0.00		9.79		0.03		0.12		
1618295947.087215456		0.00		-0.00		0.00		9.80		-0.01		0.15		
1618295947.097225949		-0.29		0.44		16.41		-5.68		39.99		20.00		
1618295947.107233427		0.00		-0.00		0.00		9.81		0.01		0.12		
1618295947.117222570		0.00		-0.00		0.00		9.82		0.01		0.12		
1618295947.127207886		0.00		0.00		0.00		9.82		-0.04		0.19		
1618295947.137237125		0.00		-0.00		0.00		9.79		0.02		0.11		
1618295947.147208244		0.00		-0.00		0.00		9.81		-0.02		0.18		
1618295947.157216864		0.00		0.29		16.55		-14.25		48.57		20.00		
1618295947.167213591		0.00		-0.00		-0.00		9.82		-0.02		0.18		
1618295947.177211421		0.00		0.00		0.00		9.81		0.01		0.15		
1618295947.187208509		0.15		0.15		16.11		11.46		20.00		14.29		
1618295947.197195959		0.00		0.00		0.00		9.81		-0.03		0.17		
1618295947.207195382		0.00		-0.00		0.00		9.81		0.00		0.15		
1618295947.217194414		0.00		-0.00		0.00		9.82		0.00		0.17		
1618295947.227189659		-0.00		-0.00		0.00		9.82		0.00		0.13		
1618295947.237205773		0.15		0.29		16.41		-5.68		39.99		20.00		
1618295947.247207480		-0.00		0.00		0.00		9.81		0.01		0.13		
1618295947.257199879		0.00		0.00		0.00		9.83		-0.01		0.13		
1618295947.267208719		-0.00		-0.00		0.00		9.80		0.02		0.13		
1618295947.277199486		-0.00		0.00		0.00		9.81		-0.01		0.12		
1618295947.287198247		0.00		-0.00		-0.00		9.82		-0.04		0.20		
1618295947.297211144		0.00		0.00		-0.00		9.81		0.01		0.13		
1618295947.307221137		0.00		0.00		0.00		9.82		-0.01		0.16		
1618295947.317269832		-0.00		0.00		0.00		9.81		0.00		0.13		
1618295947.327224400		0.00		0.00		0.00		9.80		-0.01		0.17		
1618295947.337237779		0.00		-0.00		0.00		9.82		0.02		0.15		
1618295947.347209229		-0.00		0.00		0.00		9.81		-0.02		0.17		
1618295947.357226485		-0.00		-0.00		0.00		9.80		0.01		0.11		
1618295947.367227411		0.00		0.00		0.00		9.80		-0.01		0.16		
1618295947.377208048		0.00		0.00		0.00		9.82		-0.02		0.13		
1618295947.387206288		-0.00		-0.00		0.00		9.81		-0.01		0.13		
1618295947.397202976		-0.00		0.00		0.00		9.80		0.02		0.12		
1618295947.407400149		-0.00		-0.00		0.00		9.84		-0.02		0.16		
1618295947.417233260		0.00		0.00		0.00		9.79		0.02		0.11		
1618295947.427242781		0.00		0.00		0.00		9.81		-0.02		0.16		
1618295947.437194505		0.00		-0.00		0.00		9.82		-0.01		0.15		
1618295947.447212452		0.00		0.00		0.00		9.81		0.02		0.13		
1618295947.457218848		-0.00		-0.00		0.00		9.80		0.01		0.12		
1618295947.467201529		0.00		0.00		0.00		9.81		-0.03		0.19		
1618295947.477202544		0.00		-0.00		0.00		9.80		-0.02		0.16		
1618295947.487202138		0.00		-0.00		0.00		9.80		0.02		0.13		
1618295947.497201230		-0.00		0.00		-0.00		9.82		0.00		0.13		
1618295947.507216692		0.00		0.29		16.41		2.89		31.43		14.29		
1618295947.517220933		-0.15		0.44		16.55		-2.82		37.14		20.00		
1618295947.527214245		0.00		0.00		0.00		9.81		0.02		0.12		
1618295947.537214609		0.00		-0.00		0.00		9.80		0.01		0.12		
1618295947.547227286		0.00		0.00		0.00		9.83		-0.04		0.18		
1618295947.557225357		0.00		-0.00		0.00		9.81		0.01		0.13		
1618295947.567245288		0.00		0.00		0.00		9.79		0.04		0.12		
1618295947.577224903		0.00		-0.00		0.00		9.82		-0.01		0.16		
1618295947.587243632		0.00		0.00		0.00		9.82		0.00		0.13		
1618295947.597213920		0.00		0.00		0.00		9.81		0.00		0.12		
1618295947.607219474		0.15		0.44		16.41		-2.82		37.14		14.29		
1618295947.617217725		0.00		-0.00		-0.00		9.83		-0.04		0.18		
1618295947.627225292		0.00		0.00		-0.00		9.81		-0.01		0.16		
1618295947.637209887		0.00		0.15		16.26		-5.68		39.99		20.00		
1618295947.647200473		0.00		0.00		0.00		9.81		-0.01		0.16		
1618295947.657209503		-0.00		-0.00		-0.00		9.81		-0.01		0.16		
1618295947.667211341		0.00		0.00		0.00		9.79		0.02		0.11		
1618295947.677238435		0.00		-0.00		0.00		9.82		-0.06		0.18		
1618295947.687220074		0.00		-0.00		0.00		9.80		0.00		0.13		
1618295947.697223575		-0.00		-0.00		-0.00		9.80		0.02		0.13		
1618295947.707227025		0.00		0.00		-0.00		9.81		-0.02		0.16		
1618295947.717218923		-0.00		0.00		-0.00		9.82		0.00		0.15		
1618295947.727224667		0.00		-0.00		0.00		9.80		0.00		0.15		
1618295947.737214141		0.00		0.00		0.00		9.82		0.00		0.16		
1618295947.747225236		0.00		0.00		0.00		9.81		0.01		0.13		
1618295947.757219699		0.00		-0.00		0.00		9.78		0.02		0.11		
1618295947.767228580		0.00		-0.00		0.00		9.80		0.04		0.10		
1618295947.777213074		0.00		-0.00		-0.00		9.82		0.01		0.12		
1618295947.787212858		0.00		0.00		0.00		9.81		-0.01		0.15		
1618295947.797258086		-0.15		0.29		16.41		-8.54		45.71		20.00		
1618295947.807255836		0.15		0.15		16.26		-11.40		45.71		14.29		
1618295947.817218048		0.00		0.15		16.41		0.03		31.43		20.00		
1618295947.827201050		0.00		-0.00		0.00		9.77		0.02		0.12		
1618295947.837206644		0.00		0.00		0.00		9.82		0.00		0.13		
1618295947.847201719		0.00		-0.00		-0.00		9.81		0.00		0.13		
1618295947.857199348		0.00		0.00		0.00		9.79		0.02		0.12		
1618295947.867201445		0.00		0.00		-0.00		9.80		0.02		0.12		
1618295947.877208612		-0.00		-0.00		-0.00		9.82		-0.01		0.16		
1618295947.887211452		0.00		0.00		-0.00		9.79		0.06		0.07		
1618295947.897227596		0.00		0.00		-0.00		9.82		0.00		0.16		
1618295947.907231286		0.00		0.29		16.41		0.03		31.43		14.29		
1618295947.917215039		0.00		0.00		-0.00		9.83		-0.02		0.16		
1618295947.927229320		0.00		0.29		16.55		-8.54		45.71		14.29		
1618295947.937194679		0.00		0.00		0.00		9.80		-0.02		0.16		
1618295947.947197597		-0.00		-0.00		0.00		9.82		-0.06		0.18		
1618295947.957200436		-0.00		-0.00		-0.00		9.81		-0.02		0.16		
1618295947.967198597		-0.29		0.44		16.26		5.75		31.43		14.29		
1618295947.977190926		0.00		-0.00		0.00		9.81		0.00		0.15		
1618295947.987198855		0.00		0.00		0.00		9.81		0.00		0.13		
1618295947.997225578		0.00		0.00		0.00		9.79		0.01		0.13		
1618295948.007205565		0.00		-0.00		0.00		9.84		-0.02		0.15		
1618295948.017206069		0.00		0.00		0.00		9.81		-0.02		0.17		
1618295948.027212946		0.15		0.15		16.85		-17.11		51.42		14.29		
1618295948.037204113		0.00		0.00		0.00		9.83		-0.01		0.15		
1618295948.047207743		0.00		-0.00		0.00		9.81		0.00		0.12		
1618295948.057208488		0.00		-0.00		0.00		9.80		0.03		0.09		
1618295948.067223269		-0.29		0.59		16.41		-2.82		37.14		14.29		
1618295948.077219616		0.00		-0.00		0.00		9.79		0.02		0.12		
1618295948.087215202		0.00		0.00		0.00		9.80		-0.02		0.16		
1618295948.097205918		0.00		-0.00		-0.00		9.82		-0.02		0.18		
1618295948.107206242		0.00		-0.00		-0.00		9.79		0.02		0.11		
1618295948.117229219		0.00		0.00		-0.00		9.81		-0.02		0.17		
1618295948.127243399		0.00		-0.00		-0.00		9.80		0.02		0.10		
1618295948.137228334		0.00		0.00		-0.00		9.80		-0.02		0.17		
1618295948.147221475		-0.00		0.00		0.00		9.80		0.00		0.13		
1618295948.157214135		0.00		0.00		-0.00		9.81		0.03		0.11		
1618295948.167188691		0.00		0.00		0.00		9.81		0.02		0.13		
1618295948.177192482		0.00		-0.00		-0.00		9.80		0.02		0.11		
1618295948.187201412		0.00		0.00		-0.00		9.79		0.01		0.13		
1618295948.197194182		-0.00		-0.00		-0.00		9.79		0.01		0.15		
1618295948.207189417		-0.00		0.00		-0.00		9.83		-0.01		0.17		
1618295948.217205921		0.00		0.00		-0.00		9.80		0.01		0.13		
1618295948.227218088		0.00		-0.00		-0.00		9.83		-0.01		0.16		
1618295948.237222209		-0.15		0.59		16.11		2.89		34.29		20.00		
1618295948.247222193		0.00		-0.00		-0.00		9.81		0.01		0.13		
1618295948.257222808		0.00		0.00		0.00		9.84		-0.02		0.18		
1618295948.267228732		-0.15		0.44		16.55		0.03		34.29		14.29		
1618295948.277209830		0.00		0.29		16.26		8.61		20.00		20.00		
1618295948.287232176		0.00		0.00		-0.00		9.81		0.01		0.15		
1618295948.297206261		0.00		0.00		0.00		9.83		-0.02		0.18		
1618295948.307209180		0.00		0.00		-0.00		9.79		0.02		0.10		
1618295948.317225976		0.00		0.00		-0.00		9.82		-0.03		0.18		
1618295948.327190363		0.00		0.00		-0.00		9.80		0.00		0.16		
1618295948.337211055		0.00		0.00		-0.00		9.81		0.00		0.16		
1618295948.347228300		0.00		-0.00		-0.00		9.81		-0.01		0.16		
1618295948.357218426		0.00		0.00		0.00		9.81		0.03		0.10		
1618295948.367224551		-0.00		0.00		0.00		9.79		0.00		0.15		
1618295948.377206130		0.00		-0.00		0.00		9.80		0.04		0.10		
1618295948.387232523		0.00		0.00		0.00		9.81		-0.01		0.17		
1618295948.397210395		0.00		-0.00		0.00		9.81		0.03		0.11		
1618295948.407238191		0.00		0.44		16.26		2.89		31.43		14.29		
1618295948.417208860		0.00		0.00		-0.00		9.81		-0.01		0.17		
1618295948.427212961		0.00		0.00		-0.00		9.80		0.03		0.11		
1618295948.437204799		0.00		-0.00		0.00		9.80		-0.01		0.16		
1618295948.447206376		0.00		-0.00		0.00		9.82		-0.02		0.17		
1618295948.457214745		0.00		0.00		0.00		9.80		0.04		0.09		
1618295948.467208036		-0.00		0.00		0.00		9.82		-0.02		0.18		
1618295948.477197891		0.00		-0.00		0.00		9.81		0.01		0.15		
1618295948.487212071		0.00		0.00		0.00		9.81		-0.04		0.16		
1618295948.497202637		0.00		-0.00		0.00		9.80		0.00		0.12		
1618295948.507246332		0.00		0.00		0.00		9.81		0.01		0.13		
1618295948.517204878		0.00		-0.00		0.00		9.81		0.01		0.13		
1618295948.527206655		-0.00		0.00		-0.00		9.81		-0.01		0.15		
1618295948.537215125		0.00		0.00		0.00		9.80		-0.01		0.17		
1618295948.547221030		0.00		-0.00		0.00		9.82		0.00		0.15		
1618295948.557231693		0.00		-0.00		0.00		9.82		0.01		0.13		
1618295948.567212210		0.00		-0.00		0.00		9.82		-0.03		0.19		
1618295948.577196314		0.00		-0.00		-0.00		9.81		0.00		0.13		
1618295948.587215914		0.00		0.00		-0.00		9.81		-0.02		0.18		
1618295948.597201842		0.00		-0.00		0.00		9.81		0.00		0.16		
1618295948.607207576		0.00		0.00		-0.00		9.81		0.01		0.13		
1618295948.617206849		0.00		-0.00		-0.00		9.81		0.00		0.17		
1618295948.627218434		0.00		0.00		-0.00		9.81		0.01		0.13		
1618295948.637218267		0.00		0.00		-0.00		9.81		0.00		0.16		
1618295948.647214123		-0.00		-0.00		0.00		9.80		0.04		0.13		
1618295948.657238041		-0.29		0.44		16.11		-8.54		45.71		20.00		
1618295948.667216955		0.00		-0.00		-0.00		9.80		0.03		0.12		
1618295948.677204686		0.00		0.00		-0.00		9.79		0.03		0.10		
1618295948.687203217		0.00		0.00		-0.00		9.81		0.02		0.12		
1618295948.697202049		0.00		-0.00		-0.00		9.82		-0.01		0.17		
1618295948.707205369		0.00		0.00		-0.00		9.82		-0.01		0.12		
1618295948.717226782		0.00		0.00		-0.00		9.82		-0.03		0.17		
1618295948.727204744		0.00		0.00		-0.00		9.83		-0.02		0.17		
1618295948.737215157		0.00		-0.00		-0.00		9.80		-0.01		0.17		
1618295948.747219489		0.00		-0.00		0.00		9.80		0.02		0.12		
1618295948.757212680		0.00		0.00		-0.00		9.81		0.00		0.12		
1618295948.767199169		0.00		0.00		-0.00		9.80		0.00		0.15		
1618295948.777229489		0.00		-0.00		0.00		9.81		0.02		0.11		
1618295948.787248678		0.00		0.00		0.00		9.79		0.03		0.11		
1618295948.797205661		0.00		-0.00		0.00		9.82		0.01		0.15		
1618295948.807200996		-0.15		0.44		16.41		-2.82		37.14		14.29		
1618295948.817214555		0.00		-0.00		-0.00		9.82		0.01		0.15		
1618295948.827201915		0.00		0.00		-0.00		9.82		-0.02		0.18		
1618295948.837207149		0.00		-0.00		-0.00		9.80		0.06		0.11		
1618295948.847192265		0.00		0.00		-0.00		9.81		0.00		0.15		
1618295948.857194002		0.00		0.00		0.00		9.81		-0.03		0.19		
1618295948.867194566		0.00		0.00		0.00		9.80		0.02		0.12		
1618295948.877200751		0.00		0.00		-0.00		9.82		0.02		0.12		
1618295948.887201476		0.00		0.00		-0.00		9.81		0.02		0.11		
1618295948.897208363		0.00		0.15		16.26		5.75		28.58		20.00		
1618295948.907204089		0.00		0.00		-0.00		9.82		-0.03		0.18		
1618295948.917213961		0.00		-0.00		-0.00		9.82		0.01		0.16		
1618295948.927197985		-0.00		0.00		-0.00		9.81		0.03		0.12		
1618295948.937201785		-0.00		0.00		-0.00		9.80		0.02		0.12		
1618295948.947193774		0.00		0.00		-0.00		9.79		-0.01		0.18		
1618295948.957223603		-0.15		0.29		16.55		-11.40		48.57		20.00		
1618295948.967202337		0.00		-0.00		-0.00		9.81		-0.02		0.17		
1618295948.977212049		0.00		0.00		-0.00		9.81		-0.02		0.16		
1618295948.987211932		0.00		0.15		16.41		-2.82		42.85		14.29		
1618295948.997207969		0.00		0.00		-0.00		9.82		0.00		0.12		
1618295949.007227228		-0.29		0.44		16.41		-2.82		48.57		14.29		
1618295949.017228654		0.00		-0.00		0.00		9.82		0.00		0.13		
1618295949.027223819		0.00		0.00		0.00		9.81		-0.01		0.16		
1618295949.037219695		-0.00		0.00		-0.00		9.80		0.02		0.12		
1618295949.047235268		0.00		0.00		-0.00		9.79		0.02		0.13		
1618295949.057210846		-0.00		0.00		0.00		9.82		0.01		0.13		
1618295949.067223593		0.00		0.15		16.41		2.89		31.43		14.29		
1618295949.077217505		0.00		-0.00		-0.00		9.81		-0.01		0.15		
1618295949.087204604		0.00		-0.00		-0.00		9.79		0.04		0.10		
1618295949.097204238		0.00		-0.00		-0.00		9.81		0.01		0.13		
1618295949.107228006		0.00		0.00		-0.00		9.83		-0.01		0.16		
1618295949.117207110		0.00		0.00		-0.00		9.82		0.01		0.12		
1618295949.127228594		0.00		0.00		-0.00		9.83		0.00		0.16		
1618295949.137213539		0.00		0.00		-0.00		9.81		-0.01		0.13		
1618295949.147236376		-0.29		0.29		16.26		0.03		34.29		14.29		
1618295949.157220910		0.00		0.00		-0.00		9.79		0.02		0.12		
1618295949.167232506		0.00		0.00		0.00		9.84		-0.01		0.15		
1618295949.177211730		0.00		0.00		0.00		9.81		0.01		0.12		
1618295949.187213597		0.00		0.00		-0.00		9.80		0.00		0.15		
1618295949.197217628		0.00		0.00		-0.00		9.80		0.02		0.12		
1618295949.207234674		0.00		-0.00		-0.00		9.82		-0.03		0.19		
1618295949.217206846		0.00		0.00		-0.00		9.81		-0.01		0.16		
1618295949.227213792		-0.00		0.00		-0.00		9.84		-0.02		0.17		
1618295949.237214467		0.00		0.15		16.11		2.89		31.43		20.00		
1618295949.247207287		-0.00		0.00		-0.00		9.83		0.00		0.16		
1618295949.257214364		-0.00		0.00		0.00		9.80		0.02		0.11		
1618295949.267230328		-0.00		0.29		16.26		-5.68		45.71		14.29		
1618295949.277188453		-0.00		0.00		0.00		9.81		0.00		0.15		
1618295949.287192885		0.00		-0.00		-0.00		9.83		-0.02		0.16		
1618295949.297228545		-0.15		0.29		16.11		2.89		31.43		20.00		
1618295949.307198642		-0.00		-0.00		-0.00		9.80		0.02		0.12		
1618295949.317200520		0.00		-0.00		-0.00		9.81		0.00		0.16		
1618295949.327220170		0.00		0.00		-0.00		9.81		0.00		0.13		
1618295949.337206759		0.00		-0.00		0.00		9.80		0.00		0.13		
1618295949.347224406		0.00		0.00		0.00		9.81		0.00		0.15		
1618295949.357206124		0.00		0.00		0.00		9.82		-0.01		0.15		
1618295949.367215145		0.00		0.00		0.00		9.83		0.01		0.13		
1618295949.377233032		0.00		0.00		-0.00		9.79		-0.01		0.15		
1618295949.387217667		0.00		0.00		-0.00		9.80		0.01		0.11		
1618295949.397207161		0.00		0.00		-0.00		9.79		0.01		0.15		
1618295949.407198849		-0.00		0.00		0.00		9.82		-0.04		0.19		
1618295949.417207258		0.00		0.00		0.00		9.81		-0.02		0.16		
1618295949.427225065		0.00		0.00		-0.00		9.81		0.01		0.13		
1618295949.437197717		-0.00		-0.00		-0.00		9.82		0.00		0.16		
1618295949.447203252		0.00		0.00		-0.00		9.81		0.00		0.16		
1618295949.457212072		0.00		-0.00		0.00		9.79		0.00		0.15		
1618295949.467244416		0.00		-0.00		0.00		9.82		-0.03		0.18		
1618295949.477198072		0.00		0.00		-0.00		9.80		0.01		0.16		
1618295949.487201653		-0.00		-0.00		-0.00		9.82		-0.02		0.18		
1618295949.497206546		0.00		0.00		0.00		9.81		-0.03		0.19		
1618295949.507200909		0.00		-0.00		-0.00		9.81		0.02		0.12		
1618295949.517225989		0.00		-0.00		0.00		9.80		0.01		0.12		
1618295949.527200274		0.00		0.00		-0.00		9.82		0.01		0.16		
1618295949.537197032		-0.00		-0.00		-0.00		9.78		0.02		0.13		
1618295949.547193930		0.00		0.00		0.00		9.83		-0.04		0.18		
1618295949.557213019		0.00		0.00		-0.00		9.81		-0.03		0.18		
1618295949.567200139		0.00		0.00		-0.00		9.80		-0.01		0.17		
1618295949.577254134		0.00		0.00		-0.00		9.82		-0.01		0.17		
1618295949.587201418		-0.00		0.00		-0.00		9.82		-0.02		0.16		
1618295949.597203325		0.00		0.00		-0.00		9.80		-0.01		0.16		
1618295949.607220762		-0.00		0.00		0.00		9.84		-0.06		0.19		
1618295949.617234511		0.00		0.00		0.00		9.79		0.02		0.13		
1618295949.627207464		0.00		0.00		0.00		9.79		0.01		0.12		
1618295949.637219901		0.00		0.00		-0.00		9.82		-0.03		0.17		
1618295949.647222479		0.00		0.00		-0.00		9.81		0.00		0.15		
1618295949.657202235		0.00		-0.00		-0.00		9.82		0.03		0.10		
1618295949.667228408		-0.00		0.00		0.00		9.80		0.00		0.15		
1618295949.677219375		-0.15		0.44		16.11		2.89		31.43		20.00		
1618295949.687219519		-0.00		0.00		0.00		9.80		0.01		0.12		
1618295949.697214242		0.00		0.00		-0.00		9.80		0.02		0.13		
1618295949.707203405		0.00		-0.00		0.00		9.80		0.01		0.12		
1618295949.717211604		0.00		0.00		0.00		9.80		0.00		0.15		
1618295949.727236645		0.00		0.00		-0.00		9.82		-0.02		0.16		
1618295949.737233532		0.00		0.15		16.99		-8.54		45.71		20.00		
1618295949.747201666		0.00		0.00		-0.00		9.79		-0.01		0.16		
1618295949.757208773		0.00		-0.00		0.00		9.81		-0.01		0.15		
1618295949.767244193		-0.00		0.00		-0.00		9.81		0.00		0.16		
1618295949.777218078		-0.00		0.00		0.00		9.80		0.03		0.12		
1618295949.787215316		-0.00		0.00		-0.00		9.80		0.03		0.10		
1618295949.797231490		-0.00		0.00		-0.00		9.80		0.03		0.11		
1618295949.807231824		0.00		0.29		16.55		0.03		31.43		14.29		
1618295949.817225115		-0.00		0.00		-0.00		9.79		0.02		0.13		
1618295949.827227564		0.00		0.00		0.00		9.83		-0.02		0.16		
1618295949.837212369		-0.00		0.00		-0.00		9.80		0.02		0.09		
1618295949.847246817		0.00		-0.00		0.00		9.83		0.01		0.13		
1618295949.857197829		0.00		0.00		0.00		9.80		0.02		0.12		
1618295949.867189497		-0.00		0.00		-0.00		9.79		0.01		0.15		
1618295949.877231709		0.00		0.29		15.97		2.89		28.58		20.00		
1618295949.887220953		0.00		0.00		-0.00		9.84		-0.03		0.17		
1618295949.897201931		0.00		0.00		0.00		9.83		0.01		0.15		
1618295949.907229616		-0.00		0.00		-0.00		9.81		0.00		0.15		
1618295949.917207198		0.00		-0.00		0.00		9.80		0.02		0.11		
1618295949.927213573		-0.15		0.29		16.41		-5.68		45.71		14.29		
1618295949.937215140		-0.15		0.29		16.11		-8.54		42.85		20.00		
1618295949.947208541		0.00		0.00		0.00		9.79		0.01		0.11		
1618295949.957205850		-0.00		-0.00		0.00		9.83		0.00		0.15		
1618295949.967199021		0.00		0.00		-0.00		9.78		0.04		0.11		
1618295949.977201609		0.00		0.00		-0.00		9.80		0.00		0.15		
1618295949.987188688		0.00		0.00		0.00		9.81		0.01		0.11		
1618295949.997206846		0.00		0.00		-0.00		9.81		0.01		0.16		
1618295950.007199666		0.00		0.00		-0.00		9.83		0.02		0.13		
1618295950.017218084		0.00		0.00		-0.00		9.79		-0.02		0.17		
1618295950.027201717		-0.00		-0.00		-0.00		9.80		0.03		0.11		
1618295950.037233891		0.00		0.00		-0.00		9.82		0.01		0.13		
1618295950.047203327		0.00		0.00		-0.00		9.82		-0.02		0.18		
1618295950.057211606		0.00		0.00		-0.00		9.83		0.01		0.13		
1618295950.067224083		-0.00		0.00		-0.00		9.79		0.02		0.12		
1618295950.077268480		0.00		0.00		-0.00		9.84		-0.02		0.15		
1618295950.087203822		0.00		0.00		-0.00		9.82		-0.03		0.19		
1618295950.097211961		-0.00		-0.00		-0.00		9.81		-0.01		0.18		
1618295950.107230930		-0.00		0.29		16.26		-5.68		39.99		14.29		
1618295950.117244089		0.00		0.00		0.00		9.82		-0.04		0.18		
1618295950.127201913		0.00		0.00		-0.00		9.80		0.02		0.12		
1618295950.137209972		-0.00		0.29		15.97		2.89		31.43		20.00		
1618295950.147190278		0.00		0.00		-0.00		9.84		-0.03		0.18		
1618295950.157204318		0.00		0.00		-0.00		9.81		0.00		0.16		
1618295950.167190165		0.00		0.00		-0.00		9.81		0.02		0.12		
1618295950.177209435		-0.00		0.00		-0.00		9.81		-0.01		0.17		
1618295950.187207885		-0.00		0.00		-0.00		9.82		0.01		0.15		
1618295950.197197410		-0.00		0.00		-0.00		9.83		-0.01		0.17		
1618295950.207190750		0.00		-0.00		-0.00		9.83		-0.04		0.18		
1618295950.217204920		0.00		0.00		-0.00		9.81		0.01		0.16		
1618295950.227237355		0.00		0.29		16.26		2.89		34.29		14.29		
1618295950.237225156		0.00		0.00		-0.00		9.82		-0.01		0.16		
1618295950.247227734		0.00		0.00		-0.00		9.83		-0.02		0.18		
1618295950.257203793		0.00		0.00		-0.00		9.80		0.02		0.13		
1618295950.267220848		-0.15		0.44		16.55		8.61		25.72		14.29		
1618295950.277206655		0.00		-0.00		-0.00		9.79		0.03		0.09		
1618295950.287210807		-0.00		0.00		-0.00		9.78		0.01		0.13		
1618295950.297269530		-0.00		0.44		16.11		5.75		31.43		20.00		
1618295950.307216134		0.00		0.00		-0.00		9.82		0.02		0.12		
1618295950.317214514		0.00		0.00		-0.00		9.80		-0.03		0.18		
1618295950.327198868		-0.00		0.00		-0.00		9.83		-0.02		0.17		
1618295950.339187449		0.00		0.00		0.00		9.81		0.01		0.12		
1618295950.347212671		0.00		-0.00		-0.00		9.79		0.00		0.15		
1618295950.357229236		0.00		-0.00		0.00		9.80		0.03		0.12		
1618295950.367251050		-0.00		0.44		16.11		8.61		25.72		14.29		
1618295950.377214596		0.00		-0.00		-0.00		9.82		0.02		0.11		
1618295950.387213427		-0.00		0.00		-0.00		9.82		-0.01		0.15		
1618295950.397219361		0.00		-0.00		-0.00		9.81		0.01		0.13		
1618295950.407226589		0.00		0.00		-0.00		9.81		-0.01		0.17		
1618295950.417224909		0.00		0.00		-0.00		9.81		-0.03		0.16		
1618295950.427214343		0.00		0.00		-0.00		9.81		0.01		0.15		
1618295950.437213385		0.00		0.00		-0.00		9.80		-0.03		0.17		
1618295950.447238355		0.00		-0.00		-0.00		9.81		-0.01		0.17		
1618295950.457231175		0.00		0.00		-0.00		9.82		0.03		0.11		
1618295950.467232702		0.00		0.00		-0.00		9.83		-0.02		0.18		
1618295950.477215573		0.00		-0.00		-0.00		9.82		-0.01		0.15		
1618295950.487267634		0.00		0.00		-0.00		9.82		0.00		0.15		
1618295950.497229336		0.00		0.00		0.00		9.82		-0.06		0.20		
1618295950.507243226		0.00		0.00		-0.00		9.83		-0.01		0.16		
1618295950.517220617		0.00		0.00		-0.00		9.79		0.02		0.11		
1618295950.527273149		0.29		0.00		16.11		5.75		31.43		14.29		
1618295950.537271679		0.00		0.00		-0.00		9.81		0.00		0.15		
1618295950.547249662		0.00		0.00		-0.00		9.82		-0.01		0.16		
1618295950.557275534		0.00		0.00		-0.00		9.82		0.01		0.15		
1618295950.567208322		0.00		0.00		-0.00		9.82		-0.01		0.16		
1618295950.577214497		-0.00		0.29		16.55		-2.82		34.28		20.00		
1618295950.587207286		-0.00		0.00		-0.00		9.81		0.02		0.11		
1618295950.597199546		0.00		0.00		-0.00		9.82		-0.03		0.19		
1618295950.607211291		-0.00		0.00		-0.00		9.83		-0.01		0.15		
1618295950.617193912		0.00		0.00		-0.00		9.83		-0.01		0.16		
1618295950.627217580		0.00		0.00		-0.00		9.81		-0.01		0.16		
1618295950.637286433		0.00		0.00		-0.00		9.81		0.01		0.13		
1618295950.647358562		0.15		0.15		16.55		-11.40		45.71		14.29		
1618295950.657349859		0.00		0.00		-0.00		9.81		0.02		0.12		
1618295950.667288567		0.00		0.00		-0.00		9.79		0.00		0.15		
1618295950.677213921		0.00		0.00		-0.00		9.83		0.01		0.13		
1618295950.687207042		-0.00		-0.00		0.00		9.81		0.00		0.12		
1618295950.697244295		0.00		-0.00		-0.00		9.83		-0.03		0.17		
1618295950.707274736		0.00		0.00		-0.00		9.82		-0.01		0.16		
1618295950.717263027		0.15		0.00		16.11		5.75		31.43		20.00		
1618295950.727215091		0.00		0.00		-0.00		9.82		0.03		0.11		
1618295950.737228319		-0.15		0.15		16.41		2.89		31.43		20.00		
1618295950.747221340		-0.00		-0.00		-0.00		9.83		-0.02		0.17		
1618295950.758310846		0.00		0.00		0.00		9.82		0.02		0.11		
1618295950.767222379		0.00		0.00		-0.00		9.80		0.00		0.13		
1618295950.777223615		-0.00		-0.00		0.00		9.82		-0.03		0.19		
1618295950.787215243		0.00		0.00		0.00		9.80		0.02		0.12		
1618295950.797242838		0.00		0.15		16.41		0.03		31.43		20.00		
1618295950.807236860		-0.00		0.15		16.55		0.03		37.15		14.29		
1618295950.817210464		-0.00		0.00		-0.00		9.80		0.02		0.13		
1618295950.827246876		-0.15		0.29		16.55		-8.54		42.85		14.29		
1618295950.837210171		0.00		0.00		-0.00		9.81		-0.01		0.15		
1618295950.847271068		0.29		0.00		16.26		5.75		31.43		14.29		
1618295950.857218814		0.00		0.00		-0.00		9.80		0.00		0.13		
1618295950.867241190		0.29		0.15		16.11		-2.82		42.85		14.29		
1618295950.877211959		0.00		0.00		-0.00		9.81		0.01		0.16		
1618295950.887238362		-0.15		0.15		16.26		-5.68		42.85		14.29		
1618295950.897226894		0.00		-0.00		-0.00		9.81		0.01		0.13		
1618295950.907244620		0.00		0.00		-0.00		9.83		0.01		0.15		
1618295950.917200291		0.00		0.00		-0.00		9.79		-0.02		0.16		
1618295950.927250308		0.00		0.15		16.41		-2.82		37.14		14.29		
1618295950.939323568		0.00		-0.00		0.00		9.79		0.02		0.12		
1618295950.947275853		0.00		0.00		-0.00		9.80		-0.01		0.17		
1618295950.957345678		0.00		0.00		0.00		9.83		-0.03		0.17		
1618295950.967280619		0.00		0.00		-0.00		9.82		0.02		0.11		
1618295950.977241399		-0.15		0.29		16.41		-2.82		37.14		20.00		
1618295950.987260609		-0.15		0.29		16.41		0.03		40.01		14.29		
1618295950.997210068		0.00		0.00		-0.00		9.80		0.01		0.12		
1618295951.007242512		0.00		0.00		-0.00		9.82		0.01		0.13		
1618295951.017212760		0.00		0.00		-0.00		9.79		0.02		0.12		
1618295951.027243250		0.00		0.00		-0.00		9.80		0.02		0.13		
1618295951.037218367		0.00		0.00		-0.00		9.80		-0.01		0.16		
1618295951.047230373		0.00		0.00		-0.00		9.82		0.01		0.12		
1618295951.057238943		0.00		0.00		-0.00		9.84		-0.02		0.16		
1618295951.067216454		0.00		0.00		-0.00		9.82		0.00		0.15		
1618295951.077227258		-0.00		-0.00		-0.00		9.80		0.01		0.12		
1618295951.087205251		0.00		0.00		-0.00		9.81		0.00		0.16		
1618295951.097229840		-0.00		0.00		-0.00		9.78		0.04		0.10		
1618295951.107218562		-0.00		0.29		15.82		11.46		25.72		14.29		
1618295951.117234616		0.00		0.00		-0.00		9.80		-0.01		0.13		
1618295951.127201688		-0.00		-0.00		0.00		9.80		0.00		0.15		
1618295951.137214435		0.00		0.00		-0.00		9.79		0.04		0.10		
1618295951.147199972		0.00		0.00		0.00		9.81		-0.02		0.17		
1618295951.157245500		-0.15		0.29		16.41		-2.82		34.28		20.00		
1618295951.167202013		0.00		-0.00		-0.00		9.81		0.02		0.13		
1618295951.177242723		-0.15		0.29		16.26		8.61		22.86		20.00		
1618295951.187240642		0.15		0.15		16.26		-2.82		39.99		14.29		
1618295951.197244863		-0.00		0.29		16.11		-8.54		42.85		20.00		
1618295951.207205042		0.00		0.00		-0.00		9.82		0.00		0.15		
1618295951.217230213		0.00		-0.00		-0.00		9.81		-0.03		0.18		
1618295951.227216150		-0.15		0.29		16.26		0.03		37.15		14.29		
1618295951.237225651		0.00		-0.00		-0.00		9.78		0.02		0.13		
1618295951.247205518		0.00		-0.00		-0.00		9.82		0.00		0.11		
1618295951.257202255		0.00		0.00		-0.00		9.83		-0.02		0.17		
1618295951.267212457		0.00		-0.00		0.00		9.82		0.00		0.16		
1618295951.277242167		0.00		0.00		-0.00		9.82		-0.04		0.18		
1618295951.287213416		0.00		0.00		-0.00		9.78		0.00		0.13		
1618295951.297214412		0.00		0.00		-0.00		9.79		0.03		0.11		
1618295951.307211059		0.00		0.00		-0.00		9.82		-0.01		0.16		
1618295951.317204480		-0.00		0.00		-0.00		9.81		0.00		0.16		
1618295951.327206277		0.00		0.00		0.00		9.78		0.04		0.09		
1618295951.337212722		0.00		0.00		-0.00		9.83		-0.01		0.16		
1618295951.347204731		-0.00		-0.00		-0.00		9.81		0.00		0.15		
1618295951.357200226		0.00		0.00		-0.00		9.81		0.02		0.12		
1618295951.367193147		0.00		-0.00		0.00		9.80		-0.01		0.16		
1618295951.377202086		0.00		0.00		-0.00		9.80		0.00		0.13		
1618295951.387198594		0.00		0.00		-0.00		9.81		0.01		0.15		
1618295951.397197445		0.00		0.00		-0.00		9.80		0.01		0.12		
1618295951.407201145		0.00		0.00		-0.00		9.82		-0.01		0.15		
1618295951.417207370		0.00		-0.00		-0.00		9.84		-0.03		0.16		
1618295951.427210119		0.00		0.00		-0.00		9.80		0.02		0.13		
1618295951.437215754		0.00		0.00		-0.00		9.79		0.03		0.11		
1618295951.447328759		-0.00		0.00		-0.00		9.81		0.06		0.09		
1618295951.457216101		0.00		0.00		-0.00		9.81		-0.01		0.15		
1618295951.467200976		0.00		0.00		-0.00		9.81		0.00		0.16		
1618295951.477225015		0.00		0.00		-0.00		9.81		-0.01		0.16		
1618295951.487197216		0.00		0.00		-0.00		9.81		-0.02		0.17		
1618295951.497206908		0.00		0.00		16.11		8.61		22.86		20.00		
1618295951.507193887		0.00		0.00		-0.00		9.79		0.00		0.13		
1618295951.517198589		-0.00		0.00		-0.00		9.81		0.01		0.15		
1618295951.527193483		0.00		0.00		-0.00		9.83		-0.03		0.17		
1618295951.537227751		0.00		0.00		-0.00		9.80		-0.02		0.15		
1618295951.547211414		0.00		-0.00		-0.00		9.82		0.01		0.13		
1618295951.557225935		-0.00		0.00		-0.00		9.81		0.00		0.17		
1618295951.567212864		0.00		0.00		-0.00		9.78		0.03		0.11		
1618295951.577208579		0.00		0.00		-0.00		9.82		0.01		0.12		
1618295951.587212681		0.00		0.00		-0.00		9.83		-0.01		0.13		
1618295951.597222282		0.00		0.00		-0.00		9.83		0.01		0.13		
1618295951.607214451		0.00		0.00		-0.00		9.82		-0.01		0.16		
1618295951.617218141		0.00		0.00		-0.00		9.82		0.01		0.15		
1618295951.627240046		-0.00		-0.00		-0.00		9.78		0.03		0.12		
